16 4 4 4
12 18500000 1700000 10000000
0 3 2 1 1 2 3 0 2 1 0 3 3 0 1 2
0 3 2 1 1 2 3 0 2 1 0 3 3 0 1 2
0 -1 2 1 1 -1 3 0 2 -1 0 3 3 -1 1 2
0 3 2 1 1 2 3 0 2 1 0 3 3 0 1 2
0 3 2 1 1 2 3 0 2 1 0 3 3 0 1 2
0 3 -1 1 1 2 -1 0 2 1 -1 3 3 0 -1 2
0 3 2 1 1 2 3 0 2 1 0 3 3 0 1 2
0 3 2 1 1 2 3 0 2 1 0 3 3 0 1 2
0 3 2 -1 1 2 3 -1 2 1 0 -1 3 0 1 -1
0 3 2 1 1 2 3 0 2 1 0 3 3 0 1 2
0 3 2 1 1 2 3 0 2 1 0 3 3 0 1 2
-1 3 2 1 -1 2 3 0 -1 1 0 3 -1 0 1 2
0
0 1 7
0 2 6
0 3 7 6
1 0 7
1 2 7 6
1 3 6
2 0 6
2 1 6 7
2 3 7
3 0 6 7
3 1 6
3 2 7
1
0 1 7
0 2 6
0 3 7 6
1 0 7
1 2 7 6
1 3 6
2 0 6
2 1 6 7
2 3 7
3 0 6 7
3 1 6
3 2 7
2
0 1 7
0 2 6
0 3 7 6
1 0 7
1 2 7 6
1 3 6
2 0 6
2 1 6 7
2 3 7
3 0 6 7
3 1 6
3 2 7
3
0 1 7
0 2 7 5
0 3 5
1 0 7
1 2 5
1 3 7 5
2 0 5 7
2 1 5
2 3 7
3 0 5
3 1 5 7
3 2 7
4
0 1 7
0 2 7 5
0 3 5
1 0 7
1 2 5
1 3 7 5
2 0 5 7
2 1 5
2 3 7
3 0 5
3 1 5 7
3 2 7
5
0 1 7
0 2 7 5
0 3 5
1 0 7
1 2 5
1 3 7 5
2 0 5 7
2 1 5
2 3 7
3 0 5
3 1 5 7
3 2 7
6
0 1 6 5
0 2 6
0 3 5
1 0 5 6
1 2 5
1 3 6
2 0 6
2 1 5
2 3 6 5
3 0 5
3 1 6
3 2 5 6
7
0 1 6 5
0 2 6
0 3 5
1 0 5 6
1 2 5
1 3 6
2 0 6
2 1 5
2 3 6 5
3 0 5
3 1 6
3 2 5 6
8
0 1 6 5
0 2 6
0 3 5
1 0 5 6
1 2 5
1 3 6
2 0 6
2 1 5
2 3 6 5
3 0 5
3 1 6
3 2 5 6
9
0 1 7
0 2 6
0 3 5
1 0 7
1 2 5
1 3 6
2 0 6
2 1 5
2 3 7
3 0 5
3 1 6
3 2 7
10
0 1 7
0 2 6
0 3 5
1 0 7
1 2 5
1 3 6
2 0 6
2 1 5
2 3 7
3 0 5
3 1 6
3 2 7
11
0 1 7
0 2 6
0 3 5
1 0 7
1 2 5
1 3 6
2 0 6
2 1 5
2 3 7
3 0 5
3 1 6
3 2 7