FCT 7 0 524288 0.743134 1
FCT 7 6 524288 0.743134 1
FCT 7 2 524288 0.743134 1
FCT 7 4 524288 0.743134 1
FCT 7 3 524288 0.743134 1
FCT 7 1 524288 0.743134 1
FCT 7 5 524288 0.743134 1
FCT 6 0 524288 0.743134 1
FCT 6 7 524288 0.743134 1
FCT 6 2 524288 0.743134 1
FCT 6 4 524288 0.743134 1
FCT 6 3 524288 0.743134 1
FCT 6 1 524288 0.743134 1
FCT 6 5 524288 0.743134 1
FCT 2 0 524288 0.743134 1
FCT 2 7 524288 0.743134 1
FCT 2 6 524288 0.743134 1
FCT 2 4 524288 0.743134 1
FCT 2 3 524288 0.743134 1
FCT 2 1 524288 0.743134 1
FCT 2 5 524288 0.743134 1
FCT 4 0 524288 0.743134 1
FCT 4 7 524288 0.743134 1
FCT 4 6 524288 0.743134 1
FCT 4 2 524288 0.743134 1
FCT 4 3 524288 0.743134 1
FCT 4 1 524288 0.743134 1
FCT 4 5 524288 0.743134 1
FCT 3 0 524288 0.743134 1
FCT 3 7 524288 0.743134 1
FCT 3 6 524288 0.743134 1
FCT 3 2 524288 0.743134 1
FCT 3 4 524288 0.743134 1
FCT 3 1 524288 0.743134 1
FCT 3 5 524288 0.743134 1
FCT 1 0 524288 0.743134 1
FCT 1 7 524288 0.743134 1
FCT 1 6 524288 0.743134 1
FCT 1 2 524288 0.743134 1
FCT 1 4 524288 0.743134 1
FCT 1 3 524288 0.743134 1
FCT 1 5 524288 0.743134 1
FCT 5 0 524288 0.743134 1
FCT 5 7 524288 0.743134 1
FCT 5 6 524288 0.743134 1
FCT 5 2 524288 0.743134 1
FCT 5 4 524288 0.743134 1
FCT 5 3 524288 0.743134 1
FCT 5 1 524288 0.743134 1
FCT 7 0 524288 0.743134 2
FCT 7 4 524288 0.743134 2
FCT 7 6 524288 0.743134 2
FCT 7 2 524288 0.743134 2
FCT 7 3 524288 0.743134 2
FCT 7 1 524288 0.743134 2
FCT 7 5 524288 0.743134 2
FCT 6 0 524288 0.743134 2
FCT 6 4 524288 0.743134 2
FCT 6 7 524288 0.743134 2
FCT 6 2 524288 0.743134 2
FCT 6 3 524288 0.743134 2
FCT 6 1 524288 0.743134 2
FCT 6 5 524288 0.743134 2
FCT 2 0 524288 0.743134 2
FCT 2 4 524288 0.743134 2
FCT 2 7 524288 0.743134 2
FCT 2 6 524288 0.743134 2
FCT 2 3 524288 0.743134 2
FCT 2 1 524288 0.743134 2
FCT 2 5 524288 0.743134 2
FCT 3 0 524288 0.743134 2
FCT 3 4 524288 0.743134 2
FCT 3 7 524288 0.743134 2
FCT 3 6 524288 0.743134 2
FCT 3 2 524288 0.743134 2
FCT 3 1 524288 0.743134 2
FCT 3 5 524288 0.743134 2
FCT 1 0 524288 0.743134 2
FCT 1 4 524288 0.743134 2
FCT 1 7 524288 0.743134 2
FCT 1 6 524288 0.743134 2
FCT 1 2 524288 0.743134 2
FCT 1 3 524288 0.743134 2
FCT 1 5 524288 0.743134 2
FCT 5 0 524288 0.743134 2
FCT 5 4 524288 0.743134 2
FCT 5 7 524288 0.743134 2
FCT 5 6 524288 0.743134 2
FCT 5 2 524288 0.743134 2
FCT 5 3 524288 0.743134 2
FCT 5 1 524288 0.743134 2
FCT 6 7 524288 0.743134 3
FCT 6 0 524288 0.743134 3
FCT 6 4 524288 0.743134 3
FCT 6 2 524288 0.743134 3
FCT 6 3 524288 0.743134 3
FCT 6 1 524288 0.743134 3
FCT 6 5 524288 0.743134 3
FCT 2 7 524288 0.743134 3
FCT 2 0 524288 0.743134 3
FCT 2 4 524288 0.743134 3
FCT 2 6 524288 0.743134 3
FCT 2 3 524288 0.743134 3
FCT 2 1 524288 0.743134 3
FCT 2 5 524288 0.743134 3
FCT 3 7 524288 0.743134 3
FCT 3 0 524288 0.743134 3
FCT 3 4 524288 0.743134 3
FCT 3 6 524288 0.743134 3
FCT 3 2 524288 0.743134 3
FCT 3 1 524288 0.743134 3
FCT 3 5 524288 0.743134 3
FCT 1 7 524288 0.743134 3
FCT 1 0 524288 0.743134 3
FCT 1 4 524288 0.743134 3
FCT 1 6 524288 0.743134 3
FCT 1 2 524288 0.743134 3
FCT 1 3 524288 0.743134 3
FCT 1 5 524288 0.743134 3
FCT 5 7 524288 0.743134 3
FCT 5 4 524288 0.743134 3
FCT 5 6 524288 0.743134 3
FCT 5 2 524288 0.743134 3
FCT 5 3 524288 0.743134 3
FCT 5 1 524288 0.743134 3
FCT 5 0 524288 0.743134 3
FCT 0 6 524288 0.743134 3.88174
FCT 0 7 524288 0.743134 3.88174
FCT 0 1 524288 0.743134 3.88174
FCT 0 2 524288 0.743134 3.88174
FCT 0 3 524288 0.743134 3.88174
FCT 0 4 524288 0.744198 3.88174
FCT 0 5 524288 0.744198 3.88174
FCT 2 6 524288 0.743134 4
FCT 2 7 524288 0.743134 4
FCT 2 1 524288 0.743134 4
FCT 2 4 524288 0.743134 4
FCT 2 5 524288 0.743134 4
FCT 2 0 524288 0.743134 4
FCT 2 3 524288 0.743134 4
FCT 3 6 524288 0.743134 4
FCT 3 7 524288 0.743134 4
FCT 3 1 524288 0.743134 4
FCT 3 4 524288 0.743134 4
FCT 3 5 524288 0.743134 4
FCT 3 0 524288 0.743134 4
FCT 3 2 524288 0.743134 4
FCT 3 6 524288 0.743134 5
FCT 3 0 524288 0.743134 5
FCT 3 1 524288 0.743134 5
FCT 3 2 524288 0.743134 5
FCT 3 4 524288 0.743134 5
FCT 3 5 524288 0.743134 5
FCT 3 7 524288 0.743134 5
FCT 7 6 524288 0.743134 5.88174
FCT 7 0 524288 0.743134 5.88174
FCT 7 1 524288 0.743134 5.88174
FCT 7 4 524288 0.743134 5.88174
FCT 7 5 524288 0.743134 5.88174
FCT 7 2 524288 0.744198 5.88174
FCT 7 3 524288 0.786284 5.88174
FCT 3 6 524288 0.743134 6
FCT 3 0 524288 0.743134 6
FCT 3 1 524288 0.743134 6
FCT 3 2 524288 0.743134 6
FCT 3 4 524288 0.743134 6
FCT 3 5 524288 0.743134 6
FCT 3 7 524288 0.789928 6
Util 0.000000 10.000000
FCT 0 4 16777216 7.905980 2.881741
FCT 0 5 16777216 7.905980 2.881741
FCT 7 3 16777216 7.902920 4.881741
FCT 7 2 16777216 7.905980 4.881741
Util 0.000000 20.000000
FCT 4 1 16777216 7.903718 16.496828
FCT 5 1 16777216 7.903718 16.496828
FCT 3 0 16777216 7.903718 18.493768
FCT 2 0 16777216 7.903718 18.496828
Util 0.000000 30.000000
Util 0.000000 40.000000
FCT 1 2 8388608 4.416945 35.604949
FCT 1 3 8388608 4.416945 35.604949
FCT 1 4 8388608 4.416945 35.604949
FCT 1 5 8388608 4.416945 35.604949
FCT 0 7 8388608 4.416945 37.604949
FCT 0 1 8388608 4.416945 37.604949
FCT 0 6 8388608 7.822381 37.604949
FCT 2 7 20971520 9.528930 40.021894
FCT 3 7 20971520 9.528930 40.021894
FCT 4 7 20971520 9.528930 40.021894
FCT 5 7 20971520 9.528930 40.021894
Util 0.000000 50.000000
FCT 0 6 20971520 13.222039 37.604949
FCT 7 6 20971520 9.528930 42.021894
FCT 1 6 20971520 9.528930 42.021894
Util 0.000000 60.000000
FCT 7 2 8388608 4.416945 62.621468
FCT 7 3 8388608 4.416945 62.621468
FCT 7 4 8388608 4.416945 62.621468
FCT 7 5 8388608 4.416945 62.621468
FCT 6 7 8388608 4.416945 64.621468
FCT 6 0 8388608 4.416945 64.621468
FCT 6 1 8388608 4.416945 64.621468
Util 0.000000 70.000000
FCT 6 2 8388608 4.416945 67.596905
FCT 2 4 8388608 4.416945 70.013850
FCT 3 4 8388608 4.416945 70.013850
FCT 4 5 8388608 4.416945 70.013850
FCT 7 2 8388608 4.416945 72.013850
FCT 0 3 8388608 4.416945 72.013850
FCT 1 3 8388608 4.416945 72.013850
Util 0.000000 80.000000
FCT 4 5 8388608 4.416945 77.284376
FCT 5 6 8388608 4.416945 77.284376
FCT 5 7 8388608 4.416945 77.284376
FCT 2 0 8388608 4.416945 79.284376
FCT 2 1 8388608 4.416945 79.284376
FCT 3 2 8388608 4.416945 79.284376
FCT 6 7 1436 0.080549 83.780784
FCT 3 4 1436 0.080549 83.780784
FCT 0 1 1436 0.080549 83.780784
FCT 7 0 1436 0.080549 83.780784
FCT 4 5 1436 0.080549 83.780784
FCT 5 6 1436 0.080549 83.780784
FCT 7 6 2048 0.081069 83.780784
FCT 4 3 2048 0.081069 83.780784
FCT 1 0 2048 0.081069 83.780784
FCT 0 7 2048 0.081069 83.780784
FCT 2 1 2048 0.081069 83.780784
FCT 3 2 2048 0.081069 83.780784
FCT 5 4 2048 0.082845 83.780784
FCT 6 5 2048 0.082845 83.780784
FCT 2 3 1436 0.086267 83.780784
FCT 1 2 1436 0.086267 83.780784
FCT 1 0 2048 0.081069 83.863629
FCT 4 3 2048 0.081069 83.863629
FCT 7 6 2048 0.081069 83.863629
FCT 0 7 2048 0.081069 83.863629
FCT 2 1 2048 0.081069 83.863629
FCT 3 2 2048 0.081069 83.863629
FCT 5 4 2048 0.082108 83.863629
FCT 6 5 2048 0.082108 83.863629
FCT 0 1 1436 0.080549 83.867051
FCT 3 4 1436 0.080549 83.867051
FCT 6 7 1436 0.080549 83.867051
FCT 7 0 1436 0.080549 83.867051
FCT 4 5 1436 0.080549 83.867051
FCT 5 6 1436 0.080549 83.867051
FCT 2 3 1436 0.083668 83.867051
FCT 1 2 1436 0.083668 83.867051
FCT 1 0 2048 0.081069 83.945737
FCT 4 3 2048 0.081069 83.945737
FCT 7 6 2048 0.081069 83.945737
FCT 0 7 2048 0.081069 83.945737
FCT 2 1 2048 0.081069 83.945737
FCT 3 2 2048 0.081069 83.945737
FCT 5 4 2048 0.081083 83.945737
FCT 6 5 2048 0.081083 83.945737
FCT 0 1 1436 0.080549 83.950719
FCT 3 4 1436 0.080549 83.950719
FCT 6 7 1436 0.080549 83.950719
FCT 7 0 1436 0.080549 83.950719
FCT 4 5 1436 0.081026 83.950719
FCT 5 6 1436 0.081026 83.950719
FCT 2 3 1436 0.082108 83.950719
FCT 1 2 1436 0.082108 83.950719
FCT 1 0 2048 0.081069 84.026820
FCT 4 3 2048 0.081069 84.026820
FCT 7 6 2048 0.081069 84.026820
FCT 0 7 2048 0.081069 84.026820
FCT 2 1 2048 0.081069 84.026820
FCT 3 2 2048 0.081069 84.026820
FCT 5 4 2048 0.081083 84.026820
FCT 6 5 2048 0.081083 84.026820
FCT 0 1 1436 0.080549 84.032827
FCT 3 4 1436 0.080549 84.032827
FCT 6 7 1436 0.080549 84.032827
FCT 7 0 1436 0.080549 84.032827
FCT 4 5 1436 0.081041 84.032827
FCT 5 6 1436 0.081041 84.032827
FCT 2 3 1436 0.082108 84.032827
FCT 1 2 1436 0.082108 84.032827
FCT 1 0 2048 0.081069 84.107903
FCT 4 3 2048 0.081069 84.107903
FCT 7 6 2048 0.081069 84.107903
FCT 0 7 2048 0.081069 84.107903
FCT 2 1 2048 0.081069 84.107903
FCT 3 2 2048 0.081069 84.107903
FCT 5 4 2048 0.081083 84.107903
FCT 6 5 2048 0.081083 84.107903
FCT 0 1 1436 0.080549 84.114935
FCT 3 4 1436 0.080549 84.114935
FCT 6 7 1436 0.080549 84.114935
FCT 7 0 1436 0.080549 84.114935
FCT 4 5 1436 0.081055 84.114935
FCT 5 6 1436 0.081055 84.114935
FCT 2 3 1436 0.082108 84.114935
FCT 1 2 1436 0.082108 84.114935
FCT 1 0 2048 0.081069 84.188986
FCT 4 3 2048 0.081069 84.188986
FCT 7 6 2048 0.081069 84.188986
FCT 0 7 2048 0.081069 84.188986
FCT 2 1 2048 0.081069 84.188986
FCT 3 2 2048 0.081069 84.188986
FCT 5 4 2048 0.081083 84.188986
FCT 6 5 2048 0.081083 84.188986
FCT 0 1 1436 0.080549 84.197044
FCT 3 4 1436 0.080549 84.197044
FCT 6 7 1436 0.080549 84.197044
FCT 7 0 1436 0.080549 84.197044
FCT 4 5 1436 0.081070 84.197044
FCT 5 6 1436 0.081070 84.197044
FCT 2 3 1436 0.082108 84.197044
FCT 1 2 1436 0.082108 84.197044
FCT 1 0 2048 0.081069 84.270070
FCT 4 3 2048 0.081069 84.270070
FCT 7 6 2048 0.081069 84.270070
FCT 0 7 2048 0.081069 84.270070
FCT 2 1 2048 0.081069 84.270070
FCT 3 2 2048 0.081069 84.270070
FCT 5 4 2048 0.081083 84.270070
FCT 6 5 2048 0.081083 84.270070
FCT 0 1 1436 0.080549 84.279152
FCT 3 4 1436 0.080549 84.279152
FCT 6 7 1436 0.080549 84.279152
FCT 7 0 1436 0.080549 84.279152
FCT 4 5 1436 0.080564 84.279152
FCT 5 6 1436 0.080564 84.279152
FCT 2 3 1436 0.082108 84.279152
FCT 1 2 1436 0.082108 84.279152
FCT 1 0 2048 0.081069 84.351153
FCT 4 3 2048 0.081069 84.351153
FCT 7 6 2048 0.081069 84.351153
FCT 0 7 2048 0.081069 84.351153
FCT 2 1 2048 0.081069 84.351153
FCT 3 2 2048 0.081069 84.351153
FCT 5 4 2048 0.081083 84.351153
FCT 6 5 2048 0.081083 84.351153
FCT 0 1 1436 0.080549 84.361260
FCT 3 4 1436 0.080549 84.361260
FCT 6 7 1436 0.080549 84.361260
FCT 7 0 1436 0.080549 84.361260
FCT 4 5 1436 0.080579 84.361260
FCT 5 6 1436 0.080579 84.361260
FCT 2 3 1436 0.081588 84.361260
FCT 1 2 1436 0.081588 84.361260
FCT 1 0 2048 0.081069 84.432236
FCT 4 3 2048 0.081069 84.432236
FCT 7 6 2048 0.081069 84.432236
FCT 0 7 2048 0.081069 84.432236
FCT 2 1 2048 0.081069 84.432236
FCT 3 2 2048 0.081069 84.432236
FCT 5 4 2048 0.081096 84.432236
FCT 6 5 2048 0.081096 84.432236
FCT 0 1 1436 0.080549 84.442849
FCT 3 4 1436 0.080549 84.442849
FCT 6 7 1436 0.080549 84.442849
FCT 7 0 1436 0.080549 84.442849
FCT 4 5 1436 0.081153 84.442849
FCT 5 6 1436 0.081153 84.442849
FCT 2 3 1436 0.082108 84.442849
FCT 1 2 1436 0.082108 84.442849
FCT 1 0 2048 0.081069 84.513331
FCT 4 3 2048 0.081069 84.513331
FCT 7 6 2048 0.081069 84.513331
FCT 0 7 2048 0.081069 84.513331
FCT 2 1 2048 0.081069 84.513331
FCT 3 2 2048 0.081069 84.513331
FCT 5 4 2048 0.082135 84.513331
FCT 6 5 2048 0.082135 84.513331
FCT 0 1 1436 0.080549 84.524957
FCT 3 4 1436 0.080549 84.524957
FCT 6 7 1436 0.080549 84.524957
FCT 7 0 1436 0.080549 84.524957
FCT 2 3 1436 0.082108 84.524957
FCT 1 2 1436 0.082108 84.524957
FCT 4 5 1436 0.082739 84.524957
FCT 5 6 1436 0.082739 84.524957
FCT 1 0 2048 0.081069 84.595467
FCT 4 3 2048 0.081069 84.595467
FCT 7 6 2048 0.081069 84.595467
FCT 0 7 2048 0.081069 84.595467
FCT 2 1 2048 0.081069 84.595467
FCT 3 2 2048 0.081069 84.595467
FCT 5 4 2048 0.083722 84.595467
FCT 6 5 2048 0.083722 84.595467
FCT 0 1 1436 0.080549 84.607696
FCT 3 4 1436 0.080549 84.607696
FCT 6 7 1436 0.080549 84.607696
FCT 7 0 1436 0.080549 84.607696
FCT 2 3 1436 0.081477 84.607696
FCT 1 2 1436 0.081477 84.607696
FCT 4 5 1436 0.084762 84.607696
FCT 5 6 1436 0.084762 84.607696
FCT 1 0 2048 0.081069 84.679189
FCT 4 3 2048 0.081069 84.679189
FCT 7 6 2048 0.081069 84.679189
FCT 0 7 2048 0.081069 84.679189
FCT 2 1 2048 0.081069 84.679189
FCT 3 2 2048 0.081069 84.679189
FCT 5 4 2048 0.085802 84.679189
FCT 6 5 2048 0.085802 84.679189
FCT 0 1 1436 0.080549 84.692458
FCT 3 4 1436 0.080549 84.692458
FCT 6 7 1436 0.080549 84.692458
FCT 7 0 1436 0.080549 84.692458
FCT 2 3 1436 0.080549 84.692458
FCT 1 2 1436 0.080549 84.692458
FCT 4 5 1436 0.085802 84.692458
FCT 5 6 1436 0.085802 84.692458
FCT 1 0 2048 0.081069 84.764991
FCT 4 3 2048 0.081069 84.764991
FCT 7 6 2048 0.081069 84.764991
FCT 0 7 2048 0.081069 84.764991
FCT 2 1 2048 0.081069 84.764991
FCT 3 2 2048 0.081069 84.764991
FCT 5 4 2048 0.087881 84.764991
FCT 6 5 2048 0.087881 84.764991
FCT 0 1 1436 0.080549 84.778260
FCT 3 4 1436 0.080549 84.778260
FCT 6 7 1436 0.080549 84.778260
FCT 7 0 1436 0.080549 84.778260
FCT 2 3 1436 0.080549 84.778260
FCT 1 2 1436 0.080549 84.778260
FCT 4 5 1436 0.087881 84.778260
FCT 5 6 1436 0.087881 84.778260
FCT 1 0 2048 0.081069 84.852872
FCT 4 3 2048 0.081069 84.852872
FCT 7 6 2048 0.081069 84.852872
FCT 0 7 2048 0.081069 84.852872
FCT 2 1 2048 0.081069 84.852872
FCT 3 2 2048 0.081069 84.852872
FCT 5 4 2048 0.089960 84.852872
FCT 6 5 2048 0.089960 84.852872
FCT 0 1 1436 0.080549 84.866141
FCT 3 4 1436 0.080549 84.866141
FCT 6 7 1436 0.080549 84.866141
FCT 7 0 1436 0.080549 84.866141
FCT 2 3 1436 0.080549 84.866141
FCT 1 2 1436 0.080549 84.866141
FCT 4 5 1436 0.089960 84.866141
FCT 5 6 1436 0.089960 84.866141
FCT 7 5 8388608 4.416945 81.780784
FCT 5 4 8388608 4.422416 81.780784
FCT 6 5 8388608 4.422416 81.780784
FCT 0 2 8388608 4.416945 83.780784
FCT 2 3 8388608 4.416945 83.780784
FCT 1 2 8388608 4.416945 83.780784
Util 0.000000 90.000000
FCT 3 2 4096 0.087307 93.392378
FCT 2 5 4096 0.087307 93.392378
FCT 4 3 4096 0.088316 93.392378
FCT 5 4 4096 0.088316 93.392378
FCT 3 2 4096 0.082658 93.480695
FCT 2 5 4096 0.082658 93.480695
FCT 4 3 4096 0.083668 93.480695
FCT 5 4 4096 0.083668 93.480695
FCT 3 2 4096 0.081589 93.564362
FCT 2 5 4096 0.081589 93.564362
FCT 4 3 4096 0.083693 93.564362
FCT 5 4 4096 0.083693 93.564362
FCT 3 2 4096 0.081589 93.648056
FCT 2 5 4096 0.081589 93.648056
FCT 4 3 4096 0.085773 93.648056
FCT 5 4 4096 0.085773 93.648056
FCT 3 2 4096 0.081589 93.733828
FCT 2 5 4096 0.081589 93.733828
FCT 4 3 4096 0.087852 93.733828
FCT 5 4 4096 0.087852 93.733828
FCT 3 2 4096 0.081589 93.821680
FCT 2 5 4096 0.081589 93.821680
FCT 4 3 4096 0.090451 93.821680
FCT 5 4 4096 0.090451 93.821680
FCT 4 2 8388608 4.416945 91.397849
FCT 4 3 8388608 5.496524 91.397849
FCT 5 4 8388608 5.496524 91.397849
FCT 3 0 8388608 4.416945 93.392378
FCT 3 1 8388608 4.416945 93.392378
FCT 2 6 8388608 4.416945 93.392378
FCT 2 7 8388608 4.416945 93.392378
Util 0.000000 100.000000
FCT 2 1 2048 0.086787 100.581906
FCT 1 0 2048 0.086787 100.581906
FCT 0 7 2048 0.086787 100.581906
FCT 7 6 2048 0.086787 100.581906
FCT 6 5 2048 0.086787 100.581906
FCT 3 2 2048 0.087994 100.581906
FCT 4 3 2048 0.090234 100.581906
FCT 5 4 2048 0.090234 100.581906
FCT 2 1 2048 0.081069 100.672140
FCT 1 0 2048 0.081069 100.672140
FCT 0 7 2048 0.081069 100.672140
FCT 7 6 2048 0.081069 100.672140
FCT 6 5 2048 0.081069 100.672140
FCT 3 2 2048 0.085612 100.672140
FCT 4 3 2048 0.089411 100.672140
FCT 5 4 2048 0.089411 100.672140
FCT 2 1 2048 0.081069 100.761551
FCT 1 0 2048 0.081069 100.761551
FCT 0 7 2048 0.081069 100.761551
FCT 7 6 2048 0.081069 100.761551
FCT 6 5 2048 0.081069 100.761551
FCT 4 3 2048 0.083680 100.761551
FCT 5 4 2048 0.083680 100.761551
FCT 3 2 2048 0.084572 100.761551
FCT 2 1 2048 0.081069 100.846124
FCT 1 0 2048 0.081069 100.846124
FCT 0 7 2048 0.081069 100.846124
FCT 7 6 2048 0.081069 100.846124
FCT 6 5 2048 0.081069 100.846124
FCT 4 3 2048 0.081736 100.846124
FCT 5 4 2048 0.081736 100.846124
FCT 3 2 2048 0.087852 100.846124
FCT 2 1 2048 0.081069 100.933976
FCT 1 0 2048 0.081069 100.933976
FCT 0 7 2048 0.081069 100.933976
FCT 7 6 2048 0.081069 100.933976
FCT 6 5 2048 0.081069 100.933976
FCT 4 3 2048 0.081711 100.933976
FCT 5 4 2048 0.081711 100.933976
FCT 3 2 2048 0.088372 100.933976
FCT 2 1 2048 0.081069 101.022348
FCT 1 0 2048 0.081069 101.022348
FCT 0 7 2048 0.081069 101.022348
FCT 7 6 2048 0.081069 101.022348
FCT 6 5 2048 0.081069 101.022348
FCT 4 3 2048 0.081685 101.022348
FCT 5 4 2048 0.081685 101.022348
FCT 3 2 2048 0.090971 101.022348
FCT 4 3 2048 0.081660 101.113318
FCT 5 4 2048 0.081660 101.113318
FCT 2 1 2048 0.081801 101.113318
FCT 1 0 2048 0.081801 101.113318
FCT 0 7 2048 0.081801 101.113318
FCT 7 6 2048 0.081801 101.113318
FCT 6 5 2048 0.081801 101.113318
FCT 3 2 2048 0.093050 101.113318
FCT 2 1 2048 0.081069 101.206369
FCT 1 0 2048 0.081069 101.206369
FCT 0 7 2048 0.081069 101.206369
FCT 7 6 2048 0.081069 101.206369
FCT 6 5 2048 0.081069 101.206369
FCT 4 3 2048 0.081621 101.206369
FCT 5 4 2048 0.081621 101.206369
FCT 2 5 16777216 7.903718 93.392378
FCT 3 2 2048 0.094090 101.206369
FCT 3 2 16777216 7.962143 93.392378
FCT 5 7 8388608 4.416945 96.957146
FCT 2 1 2048 0.081069 101.300459
FCT 1 0 2048 0.081069 101.300459
FCT 0 7 2048 0.081069 101.300459
FCT 7 6 2048 0.081069 101.300459
FCT 6 5 2048 0.081069 101.300459
FCT 4 3 2048 0.081596 101.300459
FCT 5 4 2048 0.081596 101.300459
FCT 3 2 2048 0.088373 101.300459
FCT 2 1 2048 0.081069 101.388832
FCT 1 0 2048 0.081069 101.388832
FCT 0 7 2048 0.081069 101.388832
FCT 7 6 2048 0.081069 101.388832
FCT 6 5 2048 0.081069 101.388832
FCT 3 2 2048 0.081069 101.388832
FCT 4 3 2048 0.082089 101.388832
FCT 5 4 2048 0.082089 101.388832
FCT 2 1 2048 0.081069 101.470921
FCT 1 0 2048 0.081069 101.470921
FCT 0 7 2048 0.081069 101.470921
FCT 7 6 2048 0.081069 101.470921
FCT 6 5 2048 0.081069 101.470921
FCT 3 2 2048 0.081069 101.470921
FCT 4 3 2048 0.081069 101.470921
FCT 5 4 2048 0.081069 101.470921
FCT 2 1 2048 0.081069 101.551990
FCT 1 0 2048 0.081069 101.551990
FCT 0 7 2048 0.081069 101.551990
FCT 7 6 2048 0.081069 101.551990
FCT 6 5 2048 0.081069 101.551990
FCT 3 2 2048 0.081069 101.551990
FCT 4 3 2048 0.081069 101.551990
FCT 5 4 2048 0.081069 101.551990
FCT 2 1 2048 0.081069 101.633059
FCT 1 0 2048 0.081069 101.633059
FCT 0 7 2048 0.081069 101.633059
FCT 7 6 2048 0.081069 101.633059
FCT 6 5 2048 0.081069 101.633059
FCT 3 2 2048 0.081069 101.633059
FCT 4 3 2048 0.081069 101.633059
FCT 5 4 2048 0.081069 101.633059
FCT 2 1 2048 0.081069 101.714128
FCT 1 0 2048 0.081069 101.714128
FCT 0 7 2048 0.081069 101.714128
FCT 7 6 2048 0.081069 101.714128
FCT 6 5 2048 0.081069 101.714128
FCT 3 2 2048 0.081069 101.714128
FCT 4 3 2048 0.081587 101.714128
FCT 5 4 2048 0.081587 101.714128
FCT 2 3 2048 0.086787 103.368620
FCT 1 2 2048 0.087350 103.368620
FCT 0 1 2048 0.087350 103.368620
FCT 7 0 2048 0.087350 103.368620
FCT 5 6 2048 0.087350 103.368620
FCT 3 4 2048 0.087423 103.368620
FCT 4 5 2048 0.087423 103.368620
FCT 6 7 2048 0.088086 103.368620
FCT 2 3 2048 0.082783 103.456706
FCT 3 4 2048 0.084059 103.456706
FCT 4 5 2048 0.084059 103.456706
FCT 1 2 2048 0.090771 103.456706
FCT 0 1 2048 0.090771 103.456706
FCT 7 0 2048 0.090771 103.456706
FCT 5 6 2048 0.090771 103.456706
FCT 6 7 2048 0.100820 103.456706
FCT 2 3 2048 0.081802 103.557525
FCT 3 4 2048 0.083597 103.557525
FCT 4 5 2048 0.083597 103.557525
FCT 1 2 2048 0.092389 103.557525
FCT 0 1 2048 0.092389 103.557525
FCT 7 0 2048 0.092389 103.557525
FCT 5 6 2048 0.092389 103.557525
FCT 6 7 2048 0.099290 103.557525
FCT 2 3 2048 0.084894 103.656815
FCT 3 4 2048 0.086745 103.656815
FCT 4 5 2048 0.086745 103.656815
FCT 1 2 2048 0.092418 103.656815
FCT 0 1 2048 0.092418 103.656815
FCT 7 0 2048 0.092418 103.656815
FCT 5 6 2048 0.092418 103.656815
FCT 6 7 2048 0.095651 103.656815
FCT 2 3 2048 0.086482 103.752466
FCT 1 2 2048 0.087249 103.752466
FCT 0 1 2048 0.087249 103.752466
FCT 7 0 2048 0.087249 103.752466
FCT 5 6 2048 0.087249 103.752466
FCT 3 4 2048 0.089288 103.752466
FCT 4 5 2048 0.089288 103.752466
FCT 6 7 2048 0.089933 103.752466
FCT 1 2 2048 0.084679 103.842399
FCT 0 1 2048 0.084679 103.842399
FCT 7 0 2048 0.084679 103.842399
FCT 5 6 2048 0.084679 103.842399
FCT 6 7 2048 0.086294 103.842399
FCT 2 3 2048 0.088591 103.842399
FCT 3 4 2048 0.091368 103.842399
FCT 4 5 2048 0.091368 103.842399
FCT 6 7 2048 0.081069 103.933767
FCT 1 2 2048 0.083792 103.933767
FCT 0 1 2048 0.083792 103.933767
FCT 7 0 2048 0.083792 103.933767
FCT 5 6 2048 0.083792 103.933767
FCT 2 3 2048 0.090304 103.933767
FCT 3 4 2048 0.094091 103.933767
FCT 4 5 2048 0.094091 103.933767
FCT 6 7 2048 0.081700 104.027858
FCT 1 2 2048 0.083302 104.027858
FCT 0 1 2048 0.083302 104.027858
FCT 7 0 2048 0.083302 104.027858
FCT 5 6 2048 0.083302 104.027858
FCT 2 3 2048 0.092412 104.027858
FCT 3 4 2048 0.094091 104.027858
FCT 4 5 2048 0.094091 104.027858
FCT 6 7 2048 0.081702 104.121950
FCT 1 2 2048 0.085859 104.121950
FCT 0 1 2048 0.085859 104.121950
FCT 7 0 2048 0.085859 104.121950
FCT 5 6 2048 0.085859 104.121950
FCT 3 4 2048 0.092532 104.121950
FCT 4 5 2048 0.092532 104.121950
FCT 2 3 2048 0.094520 104.121950
FCT 6 7 2048 0.082301 104.216470
FCT 1 2 2048 0.084420 104.216470
FCT 0 1 2048 0.084420 104.216470
FCT 7 0 2048 0.084420 104.216470
FCT 5 6 2048 0.084420 104.216470
FCT 3 4 2048 0.087425 104.216470
FCT 4 5 2048 0.087425 104.216470
FCT 2 3 2048 0.095680 104.216470
FCT 6 7 2048 0.081219 104.312150
FCT 3 4 2048 0.084306 104.312150
FCT 4 5 2048 0.084306 104.312150
FCT 1 2 2048 0.084420 104.312150
FCT 0 1 2048 0.084420 104.312150
FCT 7 0 2048 0.084420 104.312150
FCT 5 6 2048 0.084420 104.312150
FCT 2 3 2048 0.093601 104.312150
FCT 3 4 2048 0.081089 104.405751
FCT 4 5 2048 0.081089 104.405751
FCT 6 7 2048 0.081712 104.405751
FCT 1 2 2048 0.084939 104.405751
FCT 0 1 2048 0.084939 104.405751
FCT 7 0 2048 0.084939 104.405751
FCT 5 6 2048 0.084939 104.405751
FCT 2 3 2048 0.090482 104.405751
FCT 3 4 2048 0.082102 104.496232
FCT 4 5 2048 0.082102 104.496232
FCT 6 7 2048 0.082723 104.496232
FCT 1 2 2048 0.086470 104.496232
FCT 0 1 2048 0.086470 104.496232
FCT 7 0 2048 0.086470 104.496232
FCT 5 6 2048 0.086470 104.496232
FCT 2 3 2048 0.086843 104.496232
FCT 3 4 2048 0.081511 104.583075
FCT 4 5 2048 0.081511 104.583075
FCT 2 3 2048 0.083724 104.583075
FCT 6 7 2048 0.084773 104.583075
FCT 1 2 2048 0.088001 104.583075
FCT 0 1 2048 0.088001 104.583075
FCT 7 0 2048 0.088001 104.583075
FCT 5 6 2048 0.088001 104.583075
FCT 4 3 16777216 11.734447 93.392378
FCT 5 4 16777216 11.734447 93.392378
FCT 2 1 8388608 4.724679 100.581906
FCT 1 0 8388608 4.724679 100.581906
FCT 0 7 8388608 4.724679 100.581906
FCT 6 5 8388608 4.724679 100.581906
FCT 2 7 8388608 4.416945 101.374091
FCT 7 6 8388608 5.647393 100.581906
FCT 3 2 8388608 5.720475 100.581906
FCT 3 7 8388608 4.416945 102.453670
FCT 4 7 8388608 4.416945 102.453670
FCT 0 6 8388608 4.416945 103.368620
FCT 1 6 8388608 4.416945 103.368620
FCT 1 2 8388608 4.853320 103.368620
FCT 0 1 8388608 4.853320 103.368620
FCT 7 0 8388608 4.853320 103.368620
FCT 5 6 8388608 4.853320 103.368620
FCT 2 3 8388608 6.140640 103.368620
FCT 6 7 8388608 6.514953 103.368620
Util 0.000000 110.000000
FCT 7 6 8388608 7.797781 103.368620
FCT 4 3 8388608 10.746403 100.581906
FCT 5 4 8388608 10.746403 100.581906
FCT 3 4 8388608 8.011934 103.368620
FCT 4 5 8388608 8.011934 103.368620
FCT 2 5 16777216 7.903718 105.126825
FCT 7 6 8388608 6.033024 111.328309
FCT 0 7 8388608 6.033024 111.328309
FCT 1 0 8388608 6.033024 111.328309
FCT 2 1 8388608 6.033024 111.328309
FCT 6 5 8388608 6.033024 111.328309
FCT 6 7 8388608 6.027206 111.380553
FCT 7 0 8388608 6.027206 111.380553
FCT 0 1 8388608 6.027206 111.380553
FCT 1 2 8388608 6.027206 111.380553
FCT 5 6 8388608 6.027206 111.380553
FCT 2 3 8388608 7.643435 111.380553
FCT 3 4 8388608 8.135176 111.380553
FCT 4 5 8388608 8.135176 111.380553
FCT 4 3 16777216 14.759747 105.126825
FCT 5 4 16777216 14.759747 105.126825
Util 0.000000 120.000000
FCT 3 2 8388608 8.814959 111.328309
FCT 3 2 16777216 15.543951 105.126825
FCT 4 3 8388608 9.965732 111.328309
FCT 5 4 8388608 9.965732 111.328309
FCT 6 7 8388608 4.809580 119.515730
FCT 7 0 8388608 4.809580 119.515730
FCT 0 1 8388608 4.809580 119.515730
FCT 1 2 8388608 4.809580 119.515730
FCT 5 6 8388608 4.809580 119.515730
FCT 3 4 8388608 7.363524 119.515730
FCT 4 5 8388608 7.363524 119.515730
FCT 2 3 8388608 7.418502 119.515730
FCT 7 6 8388608 6.045745 121.294041
FCT 0 7 8388608 6.045745 121.294041
FCT 1 0 8388608 6.045745 121.294041
FCT 2 1 8388608 6.045745 121.294041
FCT 6 5 8388608 6.045745 121.294041
FCT 2 5 16777216 7.903718 120.670776
FCT 3 2 8388608 7.597132 121.294041
Util 0.000000 130.000000
FCT 6 7 8388608 4.497951 126.934232
FCT 7 0 8388608 4.497951 126.934232
FCT 0 1 8388608 4.497951 126.934232
FCT 1 2 8388608 4.497951 126.934232
FCT 5 6 8388608 4.497951 126.934232
FCT 4 3 8388608 10.245589 121.294041
FCT 5 4 8388608 10.245589 121.294041
FCT 2 3 8388608 6.544409 126.934232
FCT 3 4 8388608 7.654068 126.934232
FCT 4 5 8388608 7.654068 126.934232
FCT 6 7 8192 0.100764 135.891700
FCT 7 6 8192 0.105949 135.891700
FCT 2 1 8388608 4.463478 131.539630
FCT 1 0 8388608 4.463478 131.539630
FCT 0 7 8388608 4.463478 131.539630
FCT 6 5 8388608 4.469009 131.539630
FCT 7 6 8388608 4.470872 131.539630
FCT 6 7 8192 0.102699 135.997650
FCT 7 6 8192 0.103218 135.997650
FCT 6 4 524288 0.743134 135.891700
FCT 6 0 524288 0.765486 135.891700
FCT 6 1 524288 0.782691 135.891700
FCT 6 2 524288 0.782691 135.891700
FCT 6 1 524288 0.974459 135.891700
FCT 6 2 524288 0.974459 135.891700
FCT 6 2 524288 0.990041 135.891700
FCT 6 5 524288 1.001366 135.891700
FCT 6 2 524288 1.001478 135.891700
FCT 6 1 524288 1.001997 135.891700
FCT 6 3 524288 1.027532 135.891700
FCT 6 5 524288 1.107430 135.891700
FCT 6 5 524288 1.113668 135.891700
FCT 6 3 524288 1.269698 135.891700
FCT 6 3 524288 1.363763 135.891700
FCT 6 3 524288 1.370001 135.891700
FCT 6 3 524288 1.376239 135.891700
FCT 6 3 524288 1.382477 135.891700
FCT 6 7 524288 1.460543 135.891700
FCT 6 7 524288 1.537495 135.891700
FCT 6 7 524288 1.579588 135.891700
FCT 4 3 16777216 16.846613 120.670776
FCT 5 4 16777216 16.846613 120.670776
FCT 1 2 8388608 4.650826 134.588299
FCT 0 1 8388608 4.650826 134.588299
FCT 7 0 8388608 4.650826 134.588299
FCT 4 3 8388608 7.710251 131.539630
FCT 5 4 8388608 7.710251 131.539630
FCT 3 2 8388608 7.806476 131.539630
FCT 3 2 16777216 18.792759 120.670776
Util 0.000000 140.000000
FCT 5 6 8388608 5.686855 134.588299
FCT 7 2 20971520 9.528930 131.595914
FCT 7 3 20971520 9.528930 131.595914
FCT 7 4 20971520 9.528930 131.595914
FCT 7 5 20971520 9.528930 131.595914
FCT 4 5 8388608 6.801652 134.588299
FCT 3 4 8388608 6.854287 134.588299
FCT 2 0 524288 0.743134 141.124845
FCT 3 0 524288 0.743134 141.124845
FCT 4 0 524288 0.743134 141.124845
FCT 5 0 524288 0.743134 141.124845
FCT 2 6 524288 0.765486 141.124845
FCT 2 7 524288 0.765486 141.124845
FCT 3 6 524288 0.765486 141.124845
FCT 3 7 524288 0.765486 141.124845
FCT 4 6 524288 0.765486 141.124845
FCT 4 7 524288 0.765486 141.124845
FCT 5 7 524288 0.765486 141.124845
FCT 3 1 524288 0.782691 141.124845
FCT 4 1 524288 0.782691 141.124845
FCT 5 1 524288 0.782691 141.124845
FCT 2 4 524288 0.801736 141.124845
FCT 4 2 524288 0.848782 141.124845
FCT 5 6 524288 0.862364 141.124845
FCT 4 5 524288 0.919516 141.124845
FCT 5 2 524288 0.950468 141.124845
FCT 2 6 524288 0.950484 141.124845
FCT 2 7 524288 0.950484 141.124845
FCT 3 6 524288 0.950484 141.124845
FCT 3 7 524288 0.950484 141.124845
FCT 4 6 524288 0.950484 141.124845
FCT 4 7 524288 0.950484 141.124845
FCT 5 7 524288 0.950484 141.124845
FCT 3 1 524288 0.974459 141.124845
FCT 4 1 524288 0.974459 141.124845
FCT 5 1 524288 0.974459 141.124845
FCT 3 4 524288 0.976412 141.124845
FCT 2 6 524288 0.977502 141.124845
FCT 2 7 524288 0.977502 141.124845
FCT 3 6 524288 0.977502 141.124845
FCT 3 7 524288 0.977502 141.124845
FCT 4 6 524288 0.977502 141.124845
FCT 4 7 524288 0.977502 141.124845
FCT 5 7 524288 0.977502 141.124845
FCT 3 5 524288 0.979660 141.124845
FCT 5 3 524288 0.986200 141.124845
FCT 3 1 524288 1.001997 141.124845
FCT 4 1 524288 1.001997 141.124845
FCT 5 1 524288 1.001997 141.124845
FCT 4 2 524288 1.090948 141.124845
FCT 4 2 524288 1.106531 141.124845
FCT 5 4 524288 1.112557 141.124845
FCT 4 2 524288 1.158501 141.124845
FCT 5 6 524288 1.228212 141.124845
FCT 5 6 524288 1.256790 141.124845
FCT 4 5 524288 1.520253 141.124845
FCT 2 1 524288 1.539923 141.124845
FCT 4 5 524288 1.571184 141.124845
FCT 2 1 524288 1.582524 141.124845
FCT 2 1 524288 1.590841 141.124845
FCT 5 3 524288 1.697622 141.124845
FCT 5 3 524288 1.704380 141.124845
FCT 5 3 524288 1.711138 141.124845
FCT 5 3 524288 1.717895 141.124845
FCT 5 3 524288 1.720495 141.124845
FCT 5 2 524288 1.740482 141.124845
FCT 5 2 524288 1.746720 141.124845
FCT 3 5 524288 1.788321 141.124845
FCT 3 5 524288 1.790400 141.124845
FCT 5 2 524288 1.827296 141.124845
FCT 2 5 524288 1.851442 141.124845
FCT 2 5 524288 1.858720 141.124845
FCT 2 5 524288 1.866517 141.124845
FCT 4 3 524288 1.882107 141.124845
FCT 4 3 524288 1.886786 141.124845
FCT 4 3 524288 1.891971 141.124845
FCT 4 3 524288 1.897170 141.124845
FCT 4 3 524288 1.902368 141.124845
FCT 4 3 524288 1.907047 141.124845
FCT 6 0 8388608 7.291620 135.891700
FCT 2 3 524288 2.060139 141.124845
FCT 2 3 524288 2.421459 141.124845
FCT 2 3 524288 2.589888 141.124845
FCT 3 2 524288 2.629656 141.124845
FCT 2 3 524288 2.635101 141.124845
FCT 3 2 524288 2.636934 141.124845
FCT 1 0 8388608 4.416945 139.346106
FCT 0 7 8388608 4.416945 139.346106
FCT 3 2 524288 2.668631 141.124845
FCT 3 2 524288 2.671750 141.124845
FCT 2 3 524288 2.680834 141.124845
FCT 2 3 524288 2.716690 141.124845
FCT 2 3 8388608 9.988598 134.588299
FCT 6 5 8388608 5.891372 139.346106
FCT 3 1 8388608 4.848355 141.124845
FCT 4 1 8388608 4.848355 141.124845
FCT 5 1 8388608 4.848355 141.124845
FCT 6 1 20971520 10.149916 135.891700
FCT 2 1 8388608 7.220741 139.346106
FCT 1 4 524288 0.743134 146.041616
FCT 1 0 524288 0.754570 146.041616
FCT 1 6 524288 0.765486 146.041616
FCT 1 7 524288 0.765486 146.041616
FCT 1 5 524288 0.765486 146.041616
FCT 1 2 524288 0.949574 146.041616
FCT 1 6 524288 0.950484 146.041616
FCT 1 7 524288 0.950484 146.041616
FCT 1 5 524288 0.950484 146.041616
FCT 1 6 524288 0.977502 146.041616
FCT 1 7 524288 0.977502 146.041616
FCT 1 5 524288 0.977502 146.041616
FCT 1 3 524288 1.027532 146.041616
FCT 1 3 524288 1.269698 146.041616
FCT 1 3 524288 1.363763 146.041616
FCT 1 3 524288 1.370001 146.041616
FCT 1 3 524288 1.376239 146.041616
FCT 1 3 524288 1.382477 146.041616
FCT 1 2 524288 1.478600 146.041616
FCT 1 2 524288 1.500940 146.041616
FCT 1 2 524288 1.507698 146.041616
FCT 5 4 8388608 8.599950 139.346106
FCT 3 2 8388608 8.680840 139.346106
FCT 6 0 20971520 12.821844 135.891700
FCT 2 5 16777216 9.852659 139.463535
FCT 0 4 524288 0.743134 148.713544
FCT 0 6 524288 0.765486 148.713544
FCT 0 7 524288 0.765486 148.713544
FCT 0 5 524288 0.765486 148.713544
FCT 0 2 524288 0.782691 148.713544
FCT 0 1 524288 0.880000 148.713544
FCT 4 3 8388608 10.284013 139.346106
FCT 0 6 524288 0.950484 148.713544
FCT 0 7 524288 0.950484 148.713544
FCT 0 5 524288 0.950484 148.713544
FCT 0 2 524288 0.974459 148.713544
FCT 0 6 524288 0.977502 148.713544
FCT 0 7 524288 0.977502 148.713544
FCT 0 5 524288 0.977502 148.713544
FCT 0 2 524288 0.990041 148.713544
FCT 0 2 524288 1.001478 148.713544
FCT 0 3 524288 1.027532 148.713544
FCT 2 1 8388608 8.719096 141.124845
FCT 0 3 524288 1.269698 148.713544
Util 0.000000 150.000000
FCT 0 3 524288 1.363763 148.713544
FCT 0 3 524288 1.370001 148.713544
FCT 0 3 524288 1.376239 148.713544
FCT 0 3 524288 1.382477 148.713544
FCT 0 1 524288 1.401228 148.713544
FCT 0 1 524288 1.411624 148.713544
FCT 6 7 8388608 15.592132 134.588299
FCT 5 4 16777216 11.755626 139.463535
FCT 1 0 8388608 6.168580 146.041616
FCT 4 3 16777216 14.057675 139.463535
FCT 3 2 16777216 14.247900 139.463535
FCT 7 0 8388608 4.416945 150.180431
FCT 1 2 8388608 4.416945 150.180431
FCT 5 6 8388608 4.416945 150.180431
FCT 4 5 8388608 4.668618 150.180431
FCT 0 1 8388608 5.232348 150.180431
FCT 3 4 8388608 6.204055 150.180431
FCT 2 3 8388608 6.268293 150.180431
FCT 7 6 8388608 18.938823 139.346106
Util 0.000000 160.000000
FCT 2 5 16777216 7.903718 153.711435
FCT 2 1 8388608 4.416945 158.284929
FCT 1 0 8388608 4.416945 158.284929
FCT 0 7 8388608 4.416945 158.284929
FCT 6 5 8388608 4.416945 158.284929
FCT 4 3 16777216 10.719105 153.711435
FCT 5 4 16777216 10.872697 153.711435
FCT 3 2 16777216 11.704198 153.711435
FCT 5 4 8388608 7.140560 158.284929
FCT 4 3 8388608 7.652177 158.284929
FCT 3 2 8388608 8.334283 158.284929
Util 0.000000 170.000000
FCT 6 7 8388608 19.998837 150.180431
FCT 2 5 16777216 7.903718 165.415633
FCT 5 4 16777216 8.664778 165.415633
FCT 4 3 16777216 8.682452 165.415633
FCT 3 2 16777216 8.682452 165.415633
FCT 7 0 8388608 4.416945 170.179268
FCT 0 1 8388608 4.416945 170.179268
FCT 1 2 8388608 4.416945 170.179268
FCT 5 6 8388608 4.416945 170.179268
FCT 3 4 8388608 5.993175 170.179268
FCT 2 3 8388608 5.993175 170.179268
FCT 7 6 8388608 17.925530 158.284929
FCT 4 5 8388608 6.163033 170.179268
FCT 1 4 16777216 7.903718 170.409957
FCT 1 5 16777216 7.903718 170.409957
Util 0.000000 180.000000
FCT 4 3 8388608 4.416945 176.210459
FCT 3 2 8388608 4.416945 176.210459
FCT 2 1 8388608 4.416945 176.210459
FCT 1 0 8388608 4.416945 176.210459
FCT 0 7 8388608 4.416945 176.210459
FCT 6 5 8388608 4.416945 176.210459
FCT 5 4 8388608 4.418620 176.210459
FCT 6 7 20971520 47.191330 135.891700
FCT 7 4 524288 0.743134 183.083030
FCT 7 0 524288 0.754570 183.083030
FCT 7 1 524288 0.765486 183.083030
FCT 7 5 524288 0.765486 183.083030
FCT 7 2 524288 0.782691 183.083030
FCT 7 1 524288 0.950484 183.083030
FCT 7 5 524288 0.950484 183.083030
FCT 7 2 524288 0.974459 183.083030
FCT 7 1 524288 0.977502 183.083030
FCT 7 5 524288 0.977502 183.083030
FCT 7 2 524288 0.990041 183.083030
FCT 7 2 524288 1.001478 183.083030
FCT 7 3 524288 1.027532 183.083030
FCT 7 3 524288 1.269698 183.083030
FCT 7 3 524288 1.363763 183.083030
FCT 7 3 524288 1.370001 183.083030
FCT 7 3 524288 1.376239 183.083030
FCT 7 3 524288 1.382477 183.083030
FCT 7 6 524288 1.697074 183.083030
FCT 7 6 524288 1.698633 183.083030
FCT 7 6 524288 1.700193 183.083030
FCT 7 0 8388608 4.737086 183.083030
FCT 6 7 8388608 18.910171 170.179268
Util 0.000000 190.000000
FCT 7 6 8388608 16.949439 176.210459
FCT 7 0 8388608 4.426836 189.089440
FCT 0 1 8388608 4.426836 189.089440
FCT 1 2 8388608 4.426836 189.089440
FCT 2 3 8388608 4.426836 189.089440
FCT 3 4 8388608 4.426836 189.089440
FCT 4 5 8388608 4.426836 189.089440
FCT 5 6 8388608 4.426836 189.089440
FCT 4 0 16777216 7.903718 188.669387
FCT 5 0 16777216 7.903718 188.669387
FCT 0 7 8388608 4.417597 193.159898
FCT 1 0 8388608 4.417597 193.159898
FCT 2 1 8388608 4.417597 193.159898
FCT 3 2 8388608 4.417597 193.159898
FCT 4 3 8388608 4.417597 193.159898
FCT 5 4 8388608 4.417597 193.159898
FCT 6 5 8388608 4.417597 193.159898
FCT 0 1 8192 0.088866 198.103636
FCT 1 0 8192 0.088866 198.103636
FCT 0 1 8192 0.083148 198.192503
FCT 1 0 8192 0.083148 198.192503
Util 0.000000 200.000000
FCT 6 7 8388608 14.458296 189.089440
FCT 7 0 8388608 4.416945 203.547736
FCT 1 2 8388608 4.416945 203.547736
FCT 2 3 8388608 4.416945 203.547736
FCT 3 4 8388608 4.416945 203.547736
FCT 4 5 8388608 4.416945 203.547736
FCT 5 6 8388608 4.416945 203.547736
FCT 7 6 8388608 15.346130 193.159898
Util 0.000000 210.000000
FCT 5 4 8388608 4.416945 208.506028
FCT 4 3 8388608 4.416945 208.506028
FCT 3 2 8388608 4.416945 208.506028
FCT 2 1 8388608 4.416945 208.506028
FCT 0 7 8388608 4.416945 208.506028
FCT 6 5 8388608 4.416945 208.506028
FCT 0 1 8192 0.099846 213.695265
FCT 1 0 8192 0.100105 213.695265
FCT 1 0 8192 0.106568 213.795370
FCT 0 1 8192 0.106829 213.795370
FCT 0 1 8388608 13.399924 203.547736
FCT 6 7 8388608 15.894620 203.547736
Util 0.000000 220.000000
FCT 0 2 16777216 7.903718 213.695265
FCT 0 3 16777216 7.903718 213.695265
FCT 7 0 8388608 4.416945 219.442356
FCT 1 2 8388608 4.416945 219.442356
FCT 2 3 8388608 4.416945 219.442356
FCT 3 4 8388608 4.416945 219.442356
FCT 4 5 8388608 4.416945 219.442356
FCT 5 6 8388608 4.416945 219.442356
FCT 7 6 8388608 15.363316 208.506028
FCT 4 5 4096 0.081589 226.780525
FCT 3 4 4096 0.081589 226.780525
FCT 2 3 4096 0.081589 226.780525
FCT 5 2 4096 0.081589 226.780525
FCT 7 6 83886080 91.042152 135.891700
FCT 4 5 4096 0.081589 226.862114
FCT 3 4 4096 0.081589 226.862114
FCT 2 3 4096 0.081589 226.862114
FCT 5 2 4096 0.081589 226.862114
FCT 4 5 4096 0.081589 226.943703
FCT 3 4 4096 0.081589 226.943703
FCT 2 3 4096 0.081589 226.943703
FCT 5 2 4096 0.081589 226.943703
FCT 4 5 4096 0.081589 227.025292
FCT 3 4 4096 0.081589 227.025292
FCT 2 3 4096 0.081589 227.025292
FCT 5 2 4096 0.081589 227.025292
FCT 4 5 4096 0.081589 227.106880
FCT 3 4 4096 0.081589 227.106880
FCT 2 3 4096 0.081589 227.106880
FCT 5 2 4096 0.081589 227.106880
FCT 4 5 4096 0.081589 227.188469
FCT 3 4 4096 0.081589 227.188469
FCT 2 3 4096 0.081589 227.188469
FCT 5 2 4096 0.081589 227.188469
FCT 6 7 83886080 92.136877 135.891700
FCT 1 0 8388608 21.442075 208.506028
Util 0.000000 230.000000
FCT 6 7 8388608 10.666369 219.442356
FCT 5 4 4096 0.082522 231.954695
FCT 4 3 4096 0.082522 231.954695
FCT 3 2 4096 0.082522 231.954695
FCT 2 5 4096 0.083612 231.954695
FCT 5 4 4096 0.084685 232.038307
FCT 4 3 4096 0.084685 232.038307
FCT 3 2 4096 0.084685 232.038307
FCT 2 5 4096 0.087636 232.038307
FCT 2 5 4096 0.084215 232.125943
FCT 5 4 4096 0.087501 232.125943
FCT 4 3 4096 0.087501 232.125943
FCT 3 2 4096 0.087501 232.125943
FCT 2 5 4096 0.085607 232.213444
FCT 5 4 4096 0.089933 232.213444
FCT 4 3 4096 0.089933 232.213444
FCT 3 2 4096 0.089933 232.213444
FCT 2 5 4096 0.088206 232.303377
FCT 5 4 4096 0.092012 232.303377
FCT 4 3 4096 0.092012 232.303377
FCT 3 2 4096 0.092012 232.303377
FCT 2 5 4096 0.089246 232.395389
FCT 5 4 4096 0.092532 232.395389
FCT 4 3 4096 0.092532 232.395389
FCT 3 2 4096 0.092532 232.395389
FCT 2 1 8388608 4.416945 229.948103
FCT 0 7 8388608 4.416945 229.948103
FCT 6 5 8388608 4.416945 229.948103
FCT 2 5 16777216 8.915254 226.780525
FCT 7 6 8388608 7.424390 229.948103
FCT 5 4 16777216 12.405253 226.780525
FCT 4 3 16777216 12.405253 226.780525
FCT 3 2 16777216 12.405253 226.780525
FCT 2 7 16777216 7.903718 231.954695
FCT 3 7 16777216 7.903718 231.954695
Util 0.000000 240.000000
FCT 0 1 8388608 21.819309 219.442356
FCT 5 4 8388608 11.725035 229.948103
FCT 4 3 8388608 11.725035 229.948103
FCT 3 2 8388608 11.725035 229.948103
FCT 5 2 16777216 10.183177 231.954695
FCT 0 7 8192 0.089360 245.167545
FCT 7 0 8192 0.090688 245.167545
FCT 0 7 8192 0.083956 245.258233
FCT 7 0 8192 0.089906 245.258233
FCT 1 2 8388608 4.416945 241.261665
FCT 5 6 8388608 4.416945 241.261665
FCT 7 0 8388608 4.459669 241.261665
FCT 2 5 16777216 8.336212 239.185778
FCT 4 5 16777216 16.007234 231.954695
FCT 3 4 16777216 16.007234 231.954695
FCT 2 3 16777216 16.007234 231.954695
Util 0.000000 250.000000
FCT 4 5 8388608 8.833095 241.261665
FCT 3 4 8388608 8.833095 241.261665
FCT 2 3 8388608 8.833095 241.261665
FCT 1 0 8388608 22.153418 229.948103
FCT 0 1 33554432 54.220004 198.103636
FCT 6 7 8388608 11.278451 241.261665
FCT 5 4 16777216 14.133762 239.185778
FCT 4 3 16777216 14.133762 239.185778
FCT 3 2 16777216 14.133762 239.185778
FCT 1 0 33554432 55.766899 198.103636
FCT 1 0 33554432 42.107310 213.695265
FCT 2 1 8388608 4.416945 252.101521
FCT 6 5 8388608 4.416945 252.101521
FCT 5 2 16777216 8.674630 247.961929
FCT 0 1 33554432 44.080212 213.695265
FCT 0 7 16777216 13.392467 245.167545
FCT 7 0 16777216 13.900972 245.167545
Util 0.000000 260.000000
FCT 7 6 8388608 7.938891 252.101521
FCT 4 5 16777216 13.866699 247.961929
FCT 3 4 16777216 13.866699 247.961929
FCT 2 3 16777216 13.866699 247.961929
FCT 0 7 8388608 10.356286 252.101521
FCT 5 4 8388608 10.540707 252.101521
FCT 4 3 8388608 10.540707 252.101521
FCT 3 2 8388608 10.540707 252.101521
FCT 2 5 16777216 9.359545 253.319540
FCT 0 1 8388608 21.730748 241.261665
FCT 1 2 8388608 4.416945 262.992413
FCT 5 6 8388608 4.416945 262.992413
FCT 5 4 16777216 15.462733 253.319540
FCT 4 3 16777216 15.462733 253.319540
FCT 3 2 16777216 15.462733 253.319540
Util 0.000000 270.000000
FCT 5 2 16777216 8.610572 261.828628
FCT 4 5 8388608 7.564198 262.992413
FCT 3 4 8388608 7.564198 262.992413
FCT 2 3 8388608 7.564198 262.992413
FCT 7 0 8388608 9.753462 262.992413
FCT 1 0 8388608 20.938055 252.101521
FCT 6 7 8388608 11.305793 262.992413
FCT 7 0 16777216 16.126649 259.068518
FCT 0 7 16777216 16.205046 259.068518
FCT 2 5 16777216 8.325654 268.782273
FCT 2 1 8388608 4.416945 273.039576
FCT 6 5 8388608 4.416945 273.039576
FCT 0 7 8388608 5.095566 273.039576
FCT 4 5 16777216 16.445292 261.828628
FCT 3 4 16777216 16.445292 261.828628
FCT 2 3 16777216 16.445292 261.828628
Util 0.000000 280.000000
FCT 7 6 8388608 7.692559 273.039576
FCT 5 4 8388608 7.880698 273.039576
FCT 4 3 8388608 7.880698 273.039576
FCT 3 2 8388608 7.880698 273.039576
FCT 0 1 8388608 22.145671 262.992413
FCT 5 4 16777216 16.425791 268.782273
FCT 4 3 16777216 16.425791 268.782273
FCT 3 2 16777216 16.425791 268.782273
FCT 5 2 16777216 7.962539 278.273920
FCT 7 0 8388608 4.416945 285.138084
FCT 1 2 8388608 4.416945 285.138084
FCT 5 6 8388608 4.416945 285.138084
Util 0.000000 290.000000
FCT 4 5 8388608 7.754634 285.138084
FCT 3 4 8388608 7.754634 285.138084
FCT 2 3 8388608 7.754634 285.138084
FCT 2 5 16777216 7.961960 285.208064
FCT 4 5 16777216 16.128469 278.273920
FCT 3 4 16777216 16.128469 278.273920
FCT 2 3 16777216 16.128469 278.273920
FCT 1 0 8388608 21.368637 273.039576
FCT 6 7 8388608 9.302489 285.138084
FCT 0 1 33554432 42.810271 253.870535
FCT 1 0 33554432 43.531939 253.870535
FCT 2 1 8388608 4.416945 294.408213
FCT 0 7 8388608 4.416945 294.408213
FCT 6 5 8388608 4.416945 294.408213
FCT 5 4 16777216 14.744275 285.208064
FCT 4 3 16777216 14.744275 285.208064
FCT 3 2 16777216 14.744275 285.208064
Util 0.000000 300.000000
FCT 6 7 83886080 72.088093 228.028577
FCT 7 6 8388608 7.848921 294.408213
FCT 5 2 16777216 8.402204 294.402389
FCT 5 4 8388608 8.737048 294.408213
FCT 4 3 8388608 8.737048 294.408213
FCT 3 2 8388608 8.737048 294.408213
FCT 7 6 83886080 76.648139 228.028577
FCT 0 1 8388608 19.643859 285.138084
FCT 1 0 8388608 14.460550 294.408213
FCT 2 5 16777216 9.014841 299.952339
FCT 4 5 16777216 14.580433 294.402389
FCT 3 4 16777216 14.580433 294.402389
FCT 2 3 16777216 14.580433 294.402389
FCT 6 7 8388608 4.416945 304.781943
FCT 7 0 8388608 4.416945 304.781943
FCT 1 2 8388608 4.416945 304.781943
FCT 5 6 8388608 4.416945 304.781943
Util 0.000000 310.000000
FCT 7 6 8388608 4.420470 308.868763
FCT 0 7 8388608 4.420470 308.868763
FCT 2 1 8388608 4.420470 308.868763
FCT 6 5 8388608 4.420470 308.868763
FCT 4 5 8388608 9.824209 304.781943
FCT 3 4 8388608 9.824209 304.781943
FCT 2 3 8388608 9.824209 304.781943
FCT 1 0 33554432 58.835465 257.775477
FCT 5 2 16777216 7.903718 308.982822
FCT 0 1 33554432 59.280578 257.775477
FCT 5 4 8388608 8.361758 308.868763
FCT 4 3 8388608 8.361758 308.868763
FCT 3 2 8388608 8.361758 308.868763
FCT 0 1 8388608 14.336952 304.781943
FCT 1 0 8388608 10.732139 308.868763
FCT 5 4 16777216 19.827608 299.952339
FCT 4 3 16777216 19.827608 299.952339
FCT 3 2 16777216 19.827608 299.952339
Util 0.000000 320.000000
FCT 4 5 16777216 14.129692 308.982822
FCT 3 4 16777216 14.129692 308.982822
FCT 2 3 16777216 14.129692 308.982822
Util 0.000000 330.000000
Util 0.000000 340.000000
Util 0.000000 350.000000
Util 0.000000 360.000000
Util 0.000000 370.000000
Util 0.000000 380.000000
Util 0.000000 390.000000
Util 0.000000 400.000000
Util 0.000000 410.000000
Util 0.000000 420.000000
Util 0.000000 430.000000
Util 0.000000 440.000000
Util 0.000000 450.000000
Util 0.000000 460.000000
Util 0.000000 470.000000
Util 0.000000 480.000000
Util 0.000000 490.000000
Util 0.000000 500.000000
Util 0.000000 510.000000
Util 0.000000 520.000000
Util 0.000000 530.000000
Util 0.000000 540.000000
Util 0.000000 550.000000
Util 0.000000 560.000000
Util 0.000000 570.000000
Util 0.000000 580.000000
Util 0.000000 590.000000
Util 0.000000 600.000000
Util 0.000000 610.000000
Util 0.000000 620.000000
Util 0.000000 630.000000
Util 0.000000 640.000000
Util 0.000000 650.000000
Util 0.000000 660.000000
Util 0.000000 670.000000
Util 0.000000 680.000000
Util 0.000000 690.000000
Util 0.000000 700.000000
Util 0.000000 710.000000
Util 0.000000 720.000000
Util 0.000000 730.000000
Util 0.000000 740.000000
Util 0.000000 750.000000
Util 0.000000 760.000000
Util 0.000000 770.000000
Util 0.000000 780.000000
Util 0.000000 790.000000
Util 0.000000 800.000000
Util 0.000000 810.000000
Util 0.000000 820.000000
Util 0.000000 830.000000
Util 0.000000 840.000000
Util 0.000000 850.000000
Util 0.000000 860.000000
Util 0.000000 870.000000
Util 0.000000 880.000000
Util 0.000000 890.000000
Util 0.000000 900.000000
Util 0.000000 910.000000
Util 0.000000 920.000000
Util 0.000000 930.000000
Util 0.000000 940.000000
Util 0.000000 950.000000
Util 0.000000 960.000000
Util 0.000000 970.000000
Util 0.000000 980.000000
Util 0.000000 990.000000
Util 0.000000 1000.000000
Util 0.000000 1010.000000
Util 0.000000 1020.000000
Util 0.000000 1030.000000
Util 0.000000 1040.000000
Util 0.000000 1050.000000
Util 0.000000 1060.000000
Util 0.000000 1070.000000
Util 0.000000 1080.000000
Util 0.000000 1090.000000
Util 0.000000 1100.000000
Util 0.000000 1110.000000
Util 0.000000 1120.000000
Util 0.000000 1130.000000
Util 0.000000 1140.000000
Util 0.000000 1150.000000
Util 0.000000 1160.000000
Util 0.000000 1170.000000
Util 0.000000 1180.000000
Util 0.000000 1190.000000
Util 0.000000 1200.000000
Util 0.000000 1210.000000
Util 0.000000 1220.000000
Util 0.000000 1230.000000
Util 0.000000 1240.000000
Util 0.000000 1250.000000
Util 0.000000 1260.000000
Util 0.000000 1270.000000
Util 0.000000 1280.000000
Util 0.000000 1290.000000
Util 0.000000 1300.000000
Util 0.000000 1310.000000
Util 0.000000 1320.000000
Util 0.000000 1330.000000
Util 0.000000 1340.000000
Util 0.000000 1350.000000
Util 0.000000 1360.000000
Util 0.000000 1370.000000
Util 0.000000 1380.000000
Util 0.000000 1390.000000
Util 0.000000 1400.000000
Util 0.000000 1410.000000
Util 0.000000 1420.000000
Util 0.000000 1430.000000
Util 0.000000 1440.000000
Util 0.000000 1450.000000
Util 0.000000 1460.000000
Util 0.000000 1470.000000
Util 0.000000 1480.000000
Util 0.000000 1490.000000
Util 0.000000 1500.000000
Util 0.000000 1510.000000
Util 0.000000 1520.000000
Util 0.000000 1530.000000
Util 0.000000 1540.000000
Util 0.000000 1550.000000
Util 0.000000 1560.000000
Util 0.000000 1570.000000
Util 0.000000 1580.000000
Util 0.000000 1590.000000
Util 0.000000 1600.000000
Util 0.000000 1610.000000
Util 0.000000 1620.000000
Util 0.000000 1630.000000
Util 0.000000 1640.000000
Util 0.000000 1650.000000
Util 0.000000 1660.000000
Util 0.000000 1670.000000
Util 0.000000 1680.000000
Util 0.000000 1690.000000
Util 0.000000 1700.000000
Util 0.000000 1710.000000
Util 0.000000 1720.000000
Util 0.000000 1730.000000
Util 0.000000 1740.000000
Util 0.000000 1750.000000
Util 0.000000 1760.000000
Util 0.000000 1770.000000
Util 0.000000 1780.000000
Util 0.000000 1790.000000
Util 0.000000 1800.000000
Util 0.000000 1810.000000
Util 0.000000 1820.000000
Util 0.000000 1830.000000
Util 0.000000 1840.000000
Util 0.000000 1850.000000
Util 0.000000 1860.000000
Util 0.000000 1870.000000
Util 0.000000 1880.000000
Util 0.000000 1890.000000
Util 0.000000 1900.000000
Util 0.000000 1910.000000
Util 0.000000 1920.000000
Util 0.000000 1930.000000
Util 0.000000 1940.000000
Util 0.000000 1950.000000
Util 0.000000 1960.000000
Util 0.000000 1970.000000
Util 0.000000 1980.000000
Util 0.000000 1990.000000
Util 0.000000 2000.000000
Util 0.000000 2010.000000
Util 0.000000 2020.000000
Util 0.000000 2030.000000
Util 0.000000 2040.000000
Util 0.000000 2050.000000
Util 0.000000 2060.000000
Util 0.000000 2070.000000
Util 0.000000 2080.000000
Util 0.000000 2090.000000
Util 0.000000 2100.000000
Util 0.000000 2110.000000
Util 0.000000 2120.000000
Util 0.000000 2130.000000
Util 0.000000 2140.000000
Util 0.000000 2150.000000
Util 0.000000 2160.000000
Util 0.000000 2170.000000
Util 0.000000 2180.000000
Util 0.000000 2190.000000
Util 0.000000 2200.000000
Util 0.000000 2210.000000
Util 0.000000 2220.000000
Util 0.000000 2230.000000
Util 0.000000 2240.000000
Util 0.000000 2250.000000
Util 0.000000 2260.000000
Util 0.000000 2270.000000
Util 0.000000 2280.000000
Util 0.000000 2290.000000
Util 0.000000 2300.000000
Util 0.000000 2310.000000
Util 0.000000 2320.000000
Util 0.000000 2330.000000
Util 0.000000 2340.000000
Util 0.000000 2350.000000
Util 0.000000 2360.000000
Util 0.000000 2370.000000
Util 0.000000 2380.000000
Util 0.000000 2390.000000
Util 0.000000 2400.000000
Util 0.000000 2410.000000
Util 0.000000 2420.000000
Util 0.000000 2430.000000
Util 0.000000 2440.000000
Util 0.000000 2450.000000
Util 0.000000 2460.000000
Util 0.000000 2470.000000
Util 0.000000 2480.000000
Util 0.000000 2490.000000
Util 0.000000 2500.000000
Util 0.000000 2510.000000
Util 0.000000 2520.000000
Util 0.000000 2530.000000
Util 0.000000 2540.000000
Util 0.000000 2550.000000
Util 0.000000 2560.000000
Util 0.000000 2570.000000
Util 0.000000 2580.000000
Util 0.000000 2590.000000
Util 0.000000 2600.000000
Util 0.000000 2610.000000
Util 0.000000 2620.000000
Util 0.000000 2630.000000
Util 0.000000 2640.000000
Util 0.000000 2650.000000
Util 0.000000 2660.000000
Util 0.000000 2670.000000
Util 0.000000 2680.000000
Util 0.000000 2690.000000
Util 0.000000 2700.000000
Util 0.000000 2710.000000
Util 0.000000 2720.000000
Util 0.000000 2730.000000
Util 0.000000 2740.000000
Util 0.000000 2750.000000
Util 0.000000 2760.000000
Util 0.000000 2770.000000
Util 0.000000 2780.000000
Util 0.000000 2790.000000
Util 0.000000 2800.000000
Util 0.000000 2810.000000
Util 0.000000 2820.000000
Util 0.000000 2830.000000
Util 0.000000 2840.000000
Util 0.000000 2850.000000
Util 0.000000 2860.000000
Util 0.000000 2870.000000
Util 0.000000 2880.000000
Util 0.000000 2890.000000
Util 0.000000 2900.000000
Util 0.000000 2910.000000
Util 0.000000 2920.000000
Util 0.000000 2930.000000
Util 0.000000 2940.000000
Util 0.000000 2950.000000
Util 0.000000 2960.000000
Util 0.000000 2970.000000
Util 0.000000 2980.000000
Util 0.000000 2990.000000
Util 0.000000 3000.000000
Util 0.000000 3010.000000
Util 0.000000 3020.000000
Util 0.000000 3030.000000
Util 0.000000 3040.000000
Util 0.000000 3050.000000
Util 0.000000 3060.000000
Util 0.000000 3070.000000
Util 0.000000 3080.000000
Util 0.000000 3090.000000
Util 0.000000 3100.000000
Util 0.000000 3110.000000
Util 0.000000 3120.000000
Util 0.000000 3130.000000
Util 0.000000 3140.000000
Util 0.000000 3150.000000
Util 0.000000 3160.000000
Util 0.000000 3170.000000
Util 0.000000 3180.000000
Util 0.000000 3190.000000
Util 0.000000 3200.000000
Util 0.000000 3210.000000
Util 0.000000 3220.000000
Util 0.000000 3230.000000
Util 0.000000 3240.000000
Util 0.000000 3250.000000
Util 0.000000 3260.000000
Util 0.000000 3270.000000
Util 0.000000 3280.000000
Util 0.000000 3290.000000
Util 0.000000 3300.000000
Util 0.000000 3310.000000
Util 0.000000 3320.000000
Util 0.000000 3330.000000
Util 0.000000 3340.000000
Util 0.000000 3350.000000
Util 0.000000 3360.000000
Util 0.000000 3370.000000
Util 0.000000 3380.000000
Util 0.000000 3390.000000
Util 0.000000 3400.000000
Util 0.000000 3410.000000
Util 0.000000 3420.000000
Util 0.000000 3430.000000
Util 0.000000 3440.000000
Util 0.000000 3450.000000
Util 0.000000 3460.000000
Util 0.000000 3470.000000
Util 0.000000 3480.000000
Util 0.000000 3490.000000
Util 0.000000 3500.000000
Util 0.000000 3510.000000
Util 0.000000 3520.000000
Util 0.000000 3530.000000
Util 0.000000 3540.000000
Util 0.000000 3550.000000
Util 0.000000 3560.000000
Util 0.000000 3570.000000
Util 0.000000 3580.000000
Util 0.000000 3590.000000
Util 0.000000 3600.000000
Util 0.000000 3610.000000
Util 0.000000 3620.000000
Util 0.000000 3630.000000
Util 0.000000 3640.000000
Util 0.000000 3650.000000
Util 0.000000 3660.000000
Util 0.000000 3670.000000
Util 0.000000 3680.000000
Util 0.000000 3690.000000
Util 0.000000 3700.000000
Util 0.000000 3710.000000
Util 0.000000 3720.000000
Util 0.000000 3730.000000
Util 0.000000 3740.000000
Util 0.000000 3750.000000
Util 0.000000 3760.000000
Util 0.000000 3770.000000
Util 0.000000 3780.000000
Util 0.000000 3790.000000
Util 0.000000 3800.000000
Util 0.000000 3810.000000
Util 0.000000 3820.000000
Util 0.000000 3830.000000
Util 0.000000 3840.000000
Util 0.000000 3850.000000
Util 0.000000 3860.000000
Util 0.000000 3870.000000
Util 0.000000 3880.000000
Util 0.000000 3890.000000
Util 0.000000 3900.000000
Util 0.000000 3910.000000
Util 0.000000 3920.000000
Util 0.000000 3930.000000
Util 0.000000 3940.000000
Util 0.000000 3950.000000
Util 0.000000 3960.000000
Util 0.000000 3970.000000
Util 0.000000 3980.000000
Util 0.000000 3990.000000
Util 0.000000 4000.000000
Util 0.000000 4010.000000
Util 0.000000 4020.000000
Util 0.000000 4030.000000
Util 0.000000 4040.000000
Util 0.000000 4050.000000
Util 0.000000 4060.000000
Util 0.000000 4070.000000
Util 0.000000 4080.000000
Util 0.000000 4090.000000
Util 0.000000 4100.000000
Util 0.000000 4110.000000
Util 0.000000 4120.000000
Util 0.000000 4130.000000
Util 0.000000 4140.000000
Util 0.000000 4150.000000
Util 0.000000 4160.000000
Util 0.000000 4170.000000
Util 0.000000 4180.000000
Util 0.000000 4190.000000
Util 0.000000 4200.000000
Util 0.000000 4210.000000
Util 0.000000 4220.000000
Util 0.000000 4230.000000
Util 0.000000 4240.000000
Util 0.000000 4250.000000
Util 0.000000 4260.000000
Util 0.000000 4270.000000
Util 0.000000 4280.000000
Util 0.000000 4290.000000
Util 0.000000 4300.000000
Util 0.000000 4310.000000
Util 0.000000 4320.000000
Util 0.000000 4330.000000
Util 0.000000 4340.000000
Util 0.000000 4350.000000
Util 0.000000 4360.000000
Util 0.000000 4370.000000
Util 0.000000 4380.000000
Util 0.000000 4390.000000
Util 0.000000 4400.000000
Util 0.000000 4410.000000
Util 0.000000 4420.000000
Util 0.000000 4430.000000
Util 0.000000 4440.000000
Util 0.000000 4450.000000
Util 0.000000 4460.000000
Util 0.000000 4470.000000
Util 0.000000 4480.000000
Util 0.000000 4490.000000
Util 0.000000 4500.000000
Util 0.000000 4510.000000
Util 0.000000 4520.000000
Util 0.000000 4530.000000
Util 0.000000 4540.000000
Util 0.000000 4550.000000
Util 0.000000 4560.000000
Util 0.000000 4570.000000
Util 0.000000 4580.000000
Util 0.000000 4590.000000
Util 0.000000 4600.000000
Util 0.000000 4610.000000
Util 0.000000 4620.000000
Util 0.000000 4630.000000
Util 0.000000 4640.000000
Util 0.000000 4650.000000
Util 0.000000 4660.000000
Util 0.000000 4670.000000
Util 0.000000 4680.000000
Util 0.000000 4690.000000
Util 0.000000 4700.000000
Util 0.000000 4710.000000
Util 0.000000 4720.000000
Util 0.000000 4730.000000
Util 0.000000 4740.000000
Util 0.000000 4750.000000
Util 0.000000 4760.000000
Util 0.000000 4770.000000
Util 0.000000 4780.000000
Util 0.000000 4790.000000
Util 0.000000 4800.000000
Util 0.000000 4810.000000
Util 0.000000 4820.000000
Util 0.000000 4830.000000
Util 0.000000 4840.000000
Util 0.000000 4850.000000
Util 0.000000 4860.000000
Util 0.000000 4870.000000
Util 0.000000 4880.000000
Util 0.000000 4890.000000
Util 0.000000 4900.000000
Util 0.000000 4910.000000
Util 0.000000 4920.000000
Util 0.000000 4930.000000
Util 0.000000 4940.000000
Util 0.000000 4950.000000
Util 0.000000 4960.000000
Util 0.000000 4970.000000
Util 0.000000 4980.000000
Util 0.000000 4990.000000
Util 0.000000 5000.000000
Util 0.000000 5010.000000
Util 0.000000 5020.000000
Util 0.000000 5030.000000
Util 0.000000 5040.000000
Util 0.000000 5050.000000
Util 0.000000 5060.000000
Util 0.000000 5070.000000
Util 0.000000 5080.000000
Util 0.000000 5090.000000
Util 0.000000 5100.000000
Util 0.000000 5110.000000
Util 0.000000 5120.000000
Util 0.000000 5130.000000
Util 0.000000 5140.000000
Util 0.000000 5150.000000
Util 0.000000 5160.000000
Util 0.000000 5170.000000
Util 0.000000 5180.000000
Util 0.000000 5190.000000
Util 0.000000 5200.000000
Util 0.000000 5210.000000
Util 0.000000 5220.000000
Util 0.000000 5230.000000
Util 0.000000 5240.000000
Util 0.000000 5250.000000
Util 0.000000 5260.000000
Util 0.000000 5270.000000
Util 0.000000 5280.000000
Util 0.000000 5290.000000
Util 0.000000 5300.000000
Util 0.000000 5310.000000
Util 0.000000 5320.000000
Util 0.000000 5330.000000
Util 0.000000 5340.000000
Util 0.000000 5350.000000
Util 0.000000 5360.000000
Util 0.000000 5370.000000
Util 0.000000 5380.000000
Util 0.000000 5390.000000
Util 0.000000 5400.000000
Util 0.000000 5410.000000
Util 0.000000 5420.000000
Util 0.000000 5430.000000
Util 0.000000 5440.000000
Util 0.000000 5450.000000
Util 0.000000 5460.000000
Util 0.000000 5470.000000
Util 0.000000 5480.000000
Util 0.000000 5490.000000
Util 0.000000 5500.000000
Util 0.000000 5510.000000
Util 0.000000 5520.000000
Util 0.000000 5530.000000
Util 0.000000 5540.000000
Util 0.000000 5550.000000
Util 0.000000 5560.000000
Util 0.000000 5570.000000
Util 0.000000 5580.000000
Util 0.000000 5590.000000
Util 0.000000 5600.000000
Util 0.000000 5610.000000
Util 0.000000 5620.000000
Util 0.000000 5630.000000
Util 0.000000 5640.000000
Util 0.000000 5650.000000
Util 0.000000 5660.000000
Util 0.000000 5670.000000
Util 0.000000 5680.000000
Util 0.000000 5690.000000
Util 0.000000 5700.000000
Util 0.000000 5710.000000
Util 0.000000 5720.000000
Util 0.000000 5730.000000
Util 0.000000 5740.000000
Util 0.000000 5750.000000
Util 0.000000 5760.000000
Util 0.000000 5770.000000
Util 0.000000 5780.000000
Util 0.000000 5790.000000
Util 0.000000 5800.000000
Util 0.000000 5810.000000
Util 0.000000 5820.000000
Util 0.000000 5830.000000
Util 0.000000 5840.000000
Util 0.000000 5850.000000
Util 0.000000 5860.000000
Util 0.000000 5870.000000
Util 0.000000 5880.000000
Util 0.000000 5890.000000
Util 0.000000 5900.000000
Util 0.000000 5910.000000
Util 0.000000 5920.000000
Util 0.000000 5930.000000
Util 0.000000 5940.000000
Util 0.000000 5950.000000
Util 0.000000 5960.000000
Util 0.000000 5970.000000
Util 0.000000 5980.000000
Util 0.000000 5990.000000
Util 0.000000 6000.000000
Util 0.000000 6010.000000
Util 0.000000 6020.000000
Util 0.000000 6030.000000
Util 0.000000 6040.000000
Util 0.000000 6050.000000
Util 0.000000 6060.000000
Util 0.000000 6070.000000
Util 0.000000 6080.000000
Util 0.000000 6090.000000
Util 0.000000 6100.000000
Util 0.000000 6110.000000
Util 0.000000 6120.000000
Util 0.000000 6130.000000
Util 0.000000 6140.000000
Util 0.000000 6150.000000
Util 0.000000 6160.000000
Util 0.000000 6170.000000
Util 0.000000 6180.000000
Util 0.000000 6190.000000
Util 0.000000 6200.000000
Util 0.000000 6210.000000
Util 0.000000 6220.000000
Util 0.000000 6230.000000
Util 0.000000 6240.000000
Util 0.000000 6250.000000
Util 0.000000 6260.000000
Util 0.000000 6270.000000
Util 0.000000 6280.000000
Util 0.000000 6290.000000
Util 0.000000 6300.000000
Util 0.000000 6310.000000
Util 0.000000 6320.000000
Util 0.000000 6330.000000
Util 0.000000 6340.000000
Util 0.000000 6350.000000
Util 0.000000 6360.000000
Util 0.000000 6370.000000
Util 0.000000 6380.000000
Util 0.000000 6390.000000
Util 0.000000 6400.000000
Util 0.000000 6410.000000
Util 0.000000 6420.000000
Util 0.000000 6430.000000
Util 0.000000 6440.000000
Util 0.000000 6450.000000
Util 0.000000 6460.000000
Util 0.000000 6470.000000
Util 0.000000 6480.000000
Util 0.000000 6490.000000
Util 0.000000 6500.000000
Util 0.000000 6510.000000
Util 0.000000 6520.000000
Util 0.000000 6530.000000
Util 0.000000 6540.000000
Util 0.000000 6550.000000
Util 0.000000 6560.000000
Util 0.000000 6570.000000
Util 0.000000 6580.000000
Util 0.000000 6590.000000
Util 0.000000 6600.000000
Util 0.000000 6610.000000
Util 0.000000 6620.000000
Util 0.000000 6630.000000
Util 0.000000 6640.000000
Util 0.000000 6650.000000
Util 0.000000 6660.000000
Util 0.000000 6670.000000
Util 0.000000 6680.000000
Util 0.000000 6690.000000
Util 0.000000 6700.000000
Util 0.000000 6710.000000
Util 0.000000 6720.000000
Util 0.000000 6730.000000
Util 0.000000 6740.000000
Util 0.000000 6750.000000
Util 0.000000 6760.000000
Util 0.000000 6770.000000
Util 0.000000 6780.000000
Util 0.000000 6790.000000
Util 0.000000 6800.000000
Util 0.000000 6810.000000
Util 0.000000 6820.000000
Util 0.000000 6830.000000
Util 0.000000 6840.000000
Util 0.000000 6850.000000
Util 0.000000 6860.000000
Util 0.000000 6870.000000
Util 0.000000 6880.000000
Util 0.000000 6890.000000
Util 0.000000 6900.000000
Util 0.000000 6910.000000
Util 0.000000 6920.000000
Util 0.000000 6930.000000
Util 0.000000 6940.000000
Util 0.000000 6950.000000
Util 0.000000 6960.000000
Util 0.000000 6970.000000
Util 0.000000 6980.000000
Util 0.000000 6990.000000
Util 0.000000 7000.000000
Util 0.000000 7010.000000
Util 0.000000 7020.000000
Util 0.000000 7030.000000
Util 0.000000 7040.000000
Util 0.000000 7050.000000
Util 0.000000 7060.000000
Util 0.000000 7070.000000
Util 0.000000 7080.000000
Util 0.000000 7090.000000
Util 0.000000 7100.000000
Util 0.000000 7110.000000
Util 0.000000 7120.000000
Util 0.000000 7130.000000
Util 0.000000 7140.000000
Util 0.000000 7150.000000
Util 0.000000 7160.000000
Util 0.000000 7170.000000
Util 0.000000 7180.000000
Util 0.000000 7190.000000
Util 0.000000 7200.000000
Util 0.000000 7210.000000
Util 0.000000 7220.000000
Util 0.000000 7230.000000
Util 0.000000 7240.000000
Util 0.000000 7250.000000
Util 0.000000 7260.000000
Util 0.000000 7270.000000
Util 0.000000 7280.000000
Util 0.000000 7290.000000
Util 0.000000 7300.000000
Util 0.000000 7310.000000
Util 0.000000 7320.000000
Util 0.000000 7330.000000
Util 0.000000 7340.000000
Util 0.000000 7350.000000
Util 0.000000 7360.000000
Util 0.000000 7370.000000
Util 0.000000 7380.000000
Util 0.000000 7390.000000
Util 0.000000 7400.000000
Util 0.000000 7410.000000
Util 0.000000 7420.000000
Util 0.000000 7430.000000
Util 0.000000 7440.000000
Util 0.000000 7450.000000
Util 0.000000 7460.000000
Util 0.000000 7470.000000
Util 0.000000 7480.000000
Util 0.000000 7490.000000
Util 0.000000 7500.000000
Util 0.000000 7510.000000
Util 0.000000 7520.000000
Util 0.000000 7530.000000
Util 0.000000 7540.000000
Util 0.000000 7550.000000
Util 0.000000 7560.000000
Util 0.000000 7570.000000
Util 0.000000 7580.000000
Util 0.000000 7590.000000
Util 0.000000 7600.000000
Util 0.000000 7610.000000
Util 0.000000 7620.000000
Util 0.000000 7630.000000
Util 0.000000 7640.000000
Util 0.000000 7650.000000
Util 0.000000 7660.000000
Util 0.000000 7670.000000
Util 0.000000 7680.000000
Util 0.000000 7690.000000
Util 0.000000 7700.000000
Util 0.000000 7710.000000
Util 0.000000 7720.000000
Util 0.000000 7730.000000
Util 0.000000 7740.000000
Util 0.000000 7750.000000
Util 0.000000 7760.000000
Util 0.000000 7770.000000
Util 0.000000 7780.000000
Util 0.000000 7790.000000
Util 0.000000 7800.000000
Util 0.000000 7810.000000
Util 0.000000 7820.000000
Util 0.000000 7830.000000
Util 0.000000 7840.000000
Util 0.000000 7850.000000
Util 0.000000 7860.000000
Util 0.000000 7870.000000
Util 0.000000 7880.000000
Util 0.000000 7890.000000
Util 0.000000 7900.000000
Util 0.000000 7910.000000
Util 0.000000 7920.000000
Util 0.000000 7930.000000
Util 0.000000 7940.000000
Util 0.000000 7950.000000
Util 0.000000 7960.000000
Util 0.000000 7970.000000
Util 0.000000 7980.000000
Util 0.000000 7990.000000
Util 0.000000 8000.000000
Util 0.000000 8010.000000
Util 0.000000 8020.000000
Util 0.000000 8030.000000
Util 0.000000 8040.000000
Util 0.000000 8050.000000
Util 0.000000 8060.000000
Util 0.000000 8070.000000
Util 0.000000 8080.000000
Util 0.000000 8090.000000
Util 0.000000 8100.000000
Util 0.000000 8110.000000
Util 0.000000 8120.000000
Util 0.000000 8130.000000
Util 0.000000 8140.000000
Util 0.000000 8150.000000
Util 0.000000 8160.000000
Util 0.000000 8170.000000
Util 0.000000 8180.000000
Util 0.000000 8190.000000
Util 0.000000 8200.000000
Util 0.000000 8210.000000
Util 0.000000 8220.000000
Util 0.000000 8230.000000
Util 0.000000 8240.000000
Util 0.000000 8250.000000
Util 0.000000 8260.000000
Util 0.000000 8270.000000
Util 0.000000 8280.000000
Util 0.000000 8290.000000
Util 0.000000 8300.000000
Util 0.000000 8310.000000
Util 0.000000 8320.000000
Util 0.000000 8330.000000
Util 0.000000 8340.000000
Util 0.000000 8350.000000
Util 0.000000 8360.000000
Util 0.000000 8370.000000
Util 0.000000 8380.000000
Util 0.000000 8390.000000
Util 0.000000 8400.000000
Util 0.000000 8410.000000
Util 0.000000 8420.000000
Util 0.000000 8430.000000
Util 0.000000 8440.000000
Util 0.000000 8450.000000
Util 0.000000 8460.000000
Util 0.000000 8470.000000
Util 0.000000 8480.000000
Util 0.000000 8490.000000
Util 0.000000 8500.000000
Util 0.000000 8510.000000
Util 0.000000 8520.000000
Util 0.000000 8530.000000
Util 0.000000 8540.000000
Util 0.000000 8550.000000
Util 0.000000 8560.000000
Util 0.000000 8570.000000
Util 0.000000 8580.000000
Util 0.000000 8590.000000
Util 0.000000 8600.000000
Util 0.000000 8610.000000
Util 0.000000 8620.000000
Util 0.000000 8630.000000
Util 0.000000 8640.000000
Util 0.000000 8650.000000
Util 0.000000 8660.000000
Util 0.000000 8670.000000
Util 0.000000 8680.000000
Util 0.000000 8690.000000
Util 0.000000 8700.000000
Util 0.000000 8710.000000
Util 0.000000 8720.000000
Util 0.000000 8730.000000
Util 0.000000 8740.000000
Util 0.000000 8750.000000
Util 0.000000 8760.000000
Util 0.000000 8770.000000
Util 0.000000 8780.000000
Util 0.000000 8790.000000
Util 0.000000 8800.000000
Util 0.000000 8810.000000
Util 0.000000 8820.000000
Util 0.000000 8830.000000
Util 0.000000 8840.000000
Util 0.000000 8850.000000
Util 0.000000 8860.000000
Util 0.000000 8870.000000
Util 0.000000 8880.000000
Util 0.000000 8890.000000
Util 0.000000 8900.000000
Util 0.000000 8910.000000
Util 0.000000 8920.000000
Util 0.000000 8930.000000
Util 0.000000 8940.000000
Util 0.000000 8950.000000
Util 0.000000 8960.000000
Util 0.000000 8970.000000
Util 0.000000 8980.000000
Util 0.000000 8990.000000
Util 0.000000 9000.000000
Util 0.000000 9010.000000
Util 0.000000 9020.000000
Util 0.000000 9030.000000
Util 0.000000 9040.000000
Util 0.000000 9050.000000
Util 0.000000 9060.000000
Util 0.000000 9070.000000
Util 0.000000 9080.000000
Util 0.000000 9090.000000
Util 0.000000 9100.000000
Util 0.000000 9110.000000
Util 0.000000 9120.000000
Util 0.000000 9130.000000
Util 0.000000 9140.000000
Util 0.000000 9150.000000
Util 0.000000 9160.000000
Util 0.000000 9170.000000
Util 0.000000 9180.000000
Util 0.000000 9190.000000
Util 0.000000 9200.000000
Util 0.000000 9210.000000
Util 0.000000 9220.000000
Util 0.000000 9230.000000
Util 0.000000 9240.000000
Util 0.000000 9250.000000
Util 0.000000 9260.000000
Util 0.000000 9270.000000
Util 0.000000 9280.000000
Util 0.000000 9290.000000
Util 0.000000 9300.000000
Util 0.000000 9310.000000
Util 0.000000 9320.000000
Util 0.000000 9330.000000
Util 0.000000 9340.000000
Util 0.000000 9350.000000
Util 0.000000 9360.000000
Util 0.000000 9370.000000
Util 0.000000 9380.000000
Util 0.000000 9390.000000
Util 0.000000 9400.000000
Util 0.000000 9410.000000
Util 0.000000 9420.000000
Util 0.000000 9430.000000
Util 0.000000 9440.000000
Util 0.000000 9450.000000
Util 0.000000 9460.000000
Util 0.000000 9470.000000
Util 0.000000 9480.000000
Util 0.000000 9490.000000
Util 0.000000 9500.000000
Util 0.000000 9510.000000
Util 0.000000 9520.000000
Util 0.000000 9530.000000
Util 0.000000 9540.000000
Util 0.000000 9550.000000
Util 0.000000 9560.000000
Util 0.000000 9570.000000
Util 0.000000 9580.000000
Util 0.000000 9590.000000
Util 0.000000 9600.000000
Util 0.000000 9610.000000
Util 0.000000 9620.000000
Util 0.000000 9630.000000
Util 0.000000 9640.000000
Util 0.000000 9650.000000
Util 0.000000 9660.000000
Util 0.000000 9670.000000
Util 0.000000 9680.000000
Util 0.000000 9690.000000
Util 0.000000 9700.000000
Util 0.000000 9710.000000
Util 0.000000 9720.000000
Util 0.000000 9730.000000
Util 0.000000 9740.000000
Util 0.000000 9750.000000
Util 0.000000 9760.000000
Util 0.000000 9770.000000
Util 0.000000 9780.000000
Util 0.000000 9790.000000
Util 0.000000 9800.000000
Util 0.000000 9810.000000
Util 0.000000 9820.000000
Util 0.000000 9830.000000
Util 0.000000 9840.000000
Util 0.000000 9850.000000
Util 0.000000 9860.000000
Util 0.000000 9870.000000
Util 0.000000 9880.000000
Util 0.000000 9890.000000
Util 0.000000 9900.000000
Util 0.000000 9910.000000
Util 0.000000 9920.000000
Util 0.000000 9930.000000
Util 0.000000 9940.000000
Util 0.000000 9950.000000
Util 0.000000 9960.000000
Util 0.000000 9970.000000
Util 0.000000 9980.000000
Util 0.000000 9990.000000
Util 0.000000 10000.000000
Util 0.000000 10010.000000
Util 0.000000 10020.000000
Util 0.000000 10030.000000
Util 0.000000 10040.000000
Util 0.000000 10050.000000
Util 0.000000 10060.000000
Util 0.000000 10070.000000
Util 0.000000 10080.000000
Util 0.000000 10090.000000
Util 0.000000 10100.000000
Util 0.000000 10110.000000
Util 0.000000 10120.000000
Util 0.000000 10130.000000
Util 0.000000 10140.000000
Util 0.000000 10150.000000
Util 0.000000 10160.000000
Util 0.000000 10170.000000
Util 0.000000 10180.000000
Util 0.000000 10190.000000
Util 0.000000 10200.000000
Util 0.000000 10210.000000
Util 0.000000 10220.000000
Util 0.000000 10230.000000
Util 0.000000 10240.000000
Util 0.000000 10250.000000
Util 0.000000 10260.000000
Util 0.000000 10270.000000
Util 0.000000 10280.000000
Util 0.000000 10290.000000
Util 0.000000 10300.000000
Util 0.000000 10310.000000
Util 0.000000 10320.000000
Util 0.000000 10330.000000
Util 0.000000 10340.000000
Util 0.000000 10350.000000
Util 0.000000 10360.000000
Util 0.000000 10370.000000
Util 0.000000 10380.000000
Util 0.000000 10390.000000
Util 0.000000 10400.000000
Util 0.000000 10410.000000
Util 0.000000 10420.000000
Util 0.000000 10430.000000
Util 0.000000 10440.000000
Util 0.000000 10450.000000
Util 0.000000 10460.000000
Util 0.000000 10470.000000
Util 0.000000 10480.000000
Util 0.000000 10490.000000
Util 0.000000 10500.000000
Util 0.000000 10510.000000
Util 0.000000 10520.000000
Util 0.000000 10530.000000
Util 0.000000 10540.000000
Util 0.000000 10550.000000
Util 0.000000 10560.000000
Util 0.000000 10570.000000
Util 0.000000 10580.000000
Util 0.000000 10590.000000
Util 0.000000 10600.000000
Util 0.000000 10610.000000
Util 0.000000 10620.000000
Util 0.000000 10630.000000
Util 0.000000 10640.000000
Util 0.000000 10650.000000
Util 0.000000 10660.000000
Util 0.000000 10670.000000
Util 0.000000 10680.000000
Util 0.000000 10690.000000
Util 0.000000 10700.000000
Util 0.000000 10710.000000
Util 0.000000 10720.000000
Util 0.000000 10730.000000
Util 0.000000 10740.000000
Util 0.000000 10750.000000
Util 0.000000 10760.000000
Util 0.000000 10770.000000
Util 0.000000 10780.000000
Util 0.000000 10790.000000
Util 0.000000 10800.000000
Util 0.000000 10810.000000
Util 0.000000 10820.000000
Util 0.000000 10830.000000
Util 0.000000 10840.000000
Util 0.000000 10850.000000
Util 0.000000 10860.000000
Util 0.000000 10870.000000
Util 0.000000 10880.000000
Util 0.000000 10890.000000
Util 0.000000 10900.000000
Util 0.000000 10910.000000
Util 0.000000 10920.000000
Util 0.000000 10930.000000
Util 0.000000 10940.000000
Util 0.000000 10950.000000
Util 0.000000 10960.000000
Util 0.000000 10970.000000
Util 0.000000 10980.000000
Util 0.000000 10990.000000
Util 0.000000 11000.000000
Util 0.000000 11010.000000
Util 0.000000 11020.000000
Util 0.000000 11030.000000
Util 0.000000 11040.000000
Util 0.000000 11050.000000
Util 0.000000 11060.000000
Util 0.000000 11070.000000
Util 0.000000 11080.000000
Util 0.000000 11090.000000
Util 0.000000 11100.000000
Util 0.000000 11110.000000
Util 0.000000 11120.000000
Util 0.000000 11130.000000
Util 0.000000 11140.000000
Util 0.000000 11150.000000
Util 0.000000 11160.000000
Util 0.000000 11170.000000
Util 0.000000 11180.000000
Util 0.000000 11190.000000
Util 0.000000 11200.000000
Util 0.000000 11210.000000
Util 0.000000 11220.000000
Util 0.000000 11230.000000
Util 0.000000 11240.000000
Util 0.000000 11250.000000
Util 0.000000 11260.000000
Util 0.000000 11270.000000
Util 0.000000 11280.000000
Util 0.000000 11290.000000
Util 0.000000 11300.000000
Util 0.000000 11310.000000
Util 0.000000 11320.000000
Util 0.000000 11330.000000
Util 0.000000 11340.000000
Util 0.000000 11350.000000
Util 0.000000 11360.000000
Util 0.000000 11370.000000
Util 0.000000 11380.000000
Util 0.000000 11390.000000
Util 0.000000 11400.000000
Util 0.000000 11410.000000
Util 0.000000 11420.000000
Util 0.000000 11430.000000
Util 0.000000 11440.000000
Util 0.000000 11450.000000
Util 0.000000 11460.000000
Util 0.000000 11470.000000
Util 0.000000 11480.000000
Util 0.000000 11490.000000
Util 0.000000 11500.000000
Util 0.000000 11510.000000
Util 0.000000 11520.000000
Util 0.000000 11530.000000
Util 0.000000 11540.000000
Util 0.000000 11550.000000
Util 0.000000 11560.000000
Util 0.000000 11570.000000
Util 0.000000 11580.000000
Util 0.000000 11590.000000
Util 0.000000 11600.000000
Util 0.000000 11610.000000
Util 0.000000 11620.000000
Util 0.000000 11630.000000
Util 0.000000 11640.000000
Util 0.000000 11650.000000
Util 0.000000 11660.000000
Util 0.000000 11670.000000
Util 0.000000 11680.000000
Util 0.000000 11690.000000
Util 0.000000 11700.000000
Util 0.000000 11710.000000
Util 0.000000 11720.000000
Util 0.000000 11730.000000
Util 0.000000 11740.000000
Util 0.000000 11750.000000
Util 0.000000 11760.000000
Util 0.000000 11770.000000
Util 0.000000 11780.000000
Util 0.000000 11790.000000
Util 0.000000 11800.000000
Util 0.000000 11810.000000
Util 0.000000 11820.000000
Util 0.000000 11830.000000
Util 0.000000 11840.000000
Util 0.000000 11850.000000
Util 0.000000 11860.000000
Util 0.000000 11870.000000
Util 0.000000 11880.000000
Util 0.000000 11890.000000
Util 0.000000 11900.000000
Util 0.000000 11910.000000
Util 0.000000 11920.000000
Util 0.000000 11930.000000
Util 0.000000 11940.000000
Util 0.000000 11950.000000
Util 0.000000 11960.000000
Util 0.000000 11970.000000
Util 0.000000 11980.000000
Util 0.000000 11990.000000
Util 0.000000 12000.000000
Util 0.000000 12010.000000
Util 0.000000 12020.000000
Util 0.000000 12030.000000
Util 0.000000 12040.000000
Util 0.000000 12050.000000
Util 0.000000 12060.000000
Util 0.000000 12070.000000
Util 0.000000 12080.000000
Util 0.000000 12090.000000
Util 0.000000 12100.000000
Util 0.000000 12110.000000
Util 0.000000 12120.000000
Util 0.000000 12130.000000
Util 0.000000 12140.000000
Util 0.000000 12150.000000
Util 0.000000 12160.000000
Util 0.000000 12170.000000
Util 0.000000 12180.000000
Util 0.000000 12190.000000
Util 0.000000 12200.000000
Util 0.000000 12210.000000
Util 0.000000 12220.000000
Util 0.000000 12230.000000
Util 0.000000 12240.000000
Util 0.000000 12250.000000
Util 0.000000 12260.000000
Util 0.000000 12270.000000
Util 0.000000 12280.000000
Util 0.000000 12290.000000
Util 0.000000 12300.000000
Util 0.000000 12310.000000
Util 0.000000 12320.000000
Util 0.000000 12330.000000
Util 0.000000 12340.000000
Util 0.000000 12350.000000
Util 0.000000 12360.000000
Util 0.000000 12370.000000
Util 0.000000 12380.000000
Util 0.000000 12390.000000
Util 0.000000 12400.000000
Util 0.000000 12410.000000
Util 0.000000 12420.000000
Util 0.000000 12430.000000
Util 0.000000 12440.000000
Util 0.000000 12450.000000
Util 0.000000 12460.000000
Util 0.000000 12470.000000
Util 0.000000 12480.000000
Util 0.000000 12490.000000
Util 0.000000 12500.000000
Util 0.000000 12510.000000
Util 0.000000 12520.000000
Util 0.000000 12530.000000
Util 0.000000 12540.000000
Util 0.000000 12550.000000
Util 0.000000 12560.000000
Util 0.000000 12570.000000
Util 0.000000 12580.000000
Util 0.000000 12590.000000
Util 0.000000 12600.000000
Util 0.000000 12610.000000
Util 0.000000 12620.000000
Util 0.000000 12630.000000
Util 0.000000 12640.000000
Util 0.000000 12650.000000
Util 0.000000 12660.000000
Util 0.000000 12670.000000
Util 0.000000 12680.000000
Util 0.000000 12690.000000
Util 0.000000 12700.000000
Util 0.000000 12710.000000
Util 0.000000 12720.000000
Util 0.000000 12730.000000
Util 0.000000 12740.000000
Util 0.000000 12750.000000
Util 0.000000 12760.000000
Util 0.000000 12770.000000
Util 0.000000 12780.000000
Util 0.000000 12790.000000
Util 0.000000 12800.000000
Util 0.000000 12810.000000
Util 0.000000 12820.000000
Util 0.000000 12830.000000
Util 0.000000 12840.000000
Util 0.000000 12850.000000
Util 0.000000 12860.000000
Util 0.000000 12870.000000
Util 0.000000 12880.000000
Util 0.000000 12890.000000
Util 0.000000 12900.000000
Util 0.000000 12910.000000
Util 0.000000 12920.000000
Util 0.000000 12930.000000
Util 0.000000 12940.000000
Util 0.000000 12950.000000
Util 0.000000 12960.000000
Util 0.000000 12970.000000
Util 0.000000 12980.000000
Util 0.000000 12990.000000
Util 0.000000 13000.000000
Util 0.000000 13010.000000
Util 0.000000 13020.000000
Util 0.000000 13030.000000
Util 0.000000 13040.000000
Util 0.000000 13050.000000
Util 0.000000 13060.000000
Util 0.000000 13070.000000
Util 0.000000 13080.000000
Util 0.000000 13090.000000
Util 0.000000 13100.000000
Util 0.000000 13110.000000
Util 0.000000 13120.000000
Util 0.000000 13130.000000
Util 0.000000 13140.000000
Util 0.000000 13150.000000
Util 0.000000 13160.000000
Util 0.000000 13170.000000
Util 0.000000 13180.000000
Util 0.000000 13190.000000
Util 0.000000 13200.000000
Util 0.000000 13210.000000
Util 0.000000 13220.000000
Util 0.000000 13230.000000
Util 0.000000 13240.000000
Util 0.000000 13250.000000
Util 0.000000 13260.000000
Util 0.000000 13270.000000
Util 0.000000 13280.000000
Util 0.000000 13290.000000
Util 0.000000 13300.000000
Util 0.000000 13310.000000
Util 0.000000 13320.000000
Util 0.000000 13330.000000
Util 0.000000 13340.000000
Util 0.000000 13350.000000
Util 0.000000 13360.000000
Util 0.000000 13370.000000
Util 0.000000 13380.000000
Util 0.000000 13390.000000
Util 0.000000 13400.000000
Util 0.000000 13410.000000
Util 0.000000 13420.000000
Util 0.000000 13430.000000
Util 0.000000 13440.000000
Util 0.000000 13450.000000
Util 0.000000 13460.000000
Util 0.000000 13470.000000
Util 0.000000 13480.000000
Util 0.000000 13490.000000
Util 0.000000 13500.000000
Util 0.000000 13510.000000
Util 0.000000 13520.000000
Util 0.000000 13530.000000
Util 0.000000 13540.000000
Util 0.000000 13550.000000
Util 0.000000 13560.000000
Util 0.000000 13570.000000
Util 0.000000 13580.000000
Util 0.000000 13590.000000
Util 0.000000 13600.000000
Util 0.000000 13610.000000
Util 0.000000 13620.000000
Util 0.000000 13630.000000
Util 0.000000 13640.000000
Util 0.000000 13650.000000
Util 0.000000 13660.000000
Util 0.000000 13670.000000
Util 0.000000 13680.000000
Util 0.000000 13690.000000
Util 0.000000 13700.000000
Util 0.000000 13710.000000
Util 0.000000 13720.000000
Util 0.000000 13730.000000
Util 0.000000 13740.000000
Util 0.000000 13750.000000
Util 0.000000 13760.000000
Util 0.000000 13770.000000
Util 0.000000 13780.000000
Util 0.000000 13790.000000
Util 0.000000 13800.000000
Util 0.000000 13810.000000
Util 0.000000 13820.000000
Util 0.000000 13830.000000
Util 0.000000 13840.000000
Util 0.000000 13850.000000
Util 0.000000 13860.000000
Util 0.000000 13870.000000
Util 0.000000 13880.000000
Util 0.000000 13890.000000
Util 0.000000 13900.000000
Util 0.000000 13910.000000
Util 0.000000 13920.000000
Util 0.000000 13930.000000
Util 0.000000 13940.000000
Util 0.000000 13950.000000
Util 0.000000 13960.000000
Util 0.000000 13970.000000
Util 0.000000 13980.000000
Util 0.000000 13990.000000
Util 0.000000 14000.000000
Util 0.000000 14010.000000
Util 0.000000 14020.000000
Util 0.000000 14030.000000
Util 0.000000 14040.000000
Util 0.000000 14050.000000
Util 0.000000 14060.000000
Util 0.000000 14070.000000
Util 0.000000 14080.000000
Util 0.000000 14090.000000
Util 0.000000 14100.000000
Util 0.000000 14110.000000
Util 0.000000 14120.000000
Util 0.000000 14130.000000
Util 0.000000 14140.000000
Util 0.000000 14150.000000
Util 0.000000 14160.000000
Util 0.000000 14170.000000
Util 0.000000 14180.000000
Util 0.000000 14190.000000
Util 0.000000 14200.000000
Util 0.000000 14210.000000
Util 0.000000 14220.000000
Util 0.000000 14230.000000
Util 0.000000 14240.000000
Util 0.000000 14250.000000
Util 0.000000 14260.000000
Util 0.000000 14270.000000
Util 0.000000 14280.000000
Util 0.000000 14290.000000
Util 0.000000 14300.000000
Util 0.000000 14310.000000
Util 0.000000 14320.000000
Util 0.000000 14330.000000
Util 0.000000 14340.000000
Util 0.000000 14350.000000
Util 0.000000 14360.000000
Util 0.000000 14370.000000
Util 0.000000 14380.000000
Util 0.000000 14390.000000
Util 0.000000 14400.000000
Util 0.000000 14410.000000
Util 0.000000 14420.000000
Util 0.000000 14430.000000
Util 0.000000 14440.000000
Util 0.000000 14450.000000
Util 0.000000 14460.000000
Util 0.000000 14470.000000
Util 0.000000 14480.000000
Util 0.000000 14490.000000
Util 0.000000 14500.000000
Util 0.000000 14510.000000
Util 0.000000 14520.000000
Util 0.000000 14530.000000
Util 0.000000 14540.000000
Util 0.000000 14550.000000
Util 0.000000 14560.000000
Util 0.000000 14570.000000
Util 0.000000 14580.000000
Util 0.000000 14590.000000
Util 0.000000 14600.000000
Util 0.000000 14610.000000
Util 0.000000 14620.000000
Util 0.000000 14630.000000
Util 0.000000 14640.000000
Util 0.000000 14650.000000
Util 0.000000 14660.000000
Util 0.000000 14670.000000
Util 0.000000 14680.000000
Util 0.000000 14690.000000
Util 0.000000 14700.000000
Util 0.000000 14710.000000
Util 0.000000 14720.000000
Util 0.000000 14730.000000
Util 0.000000 14740.000000
Util 0.000000 14750.000000
Util 0.000000 14760.000000
Util 0.000000 14770.000000
Util 0.000000 14780.000000
Util 0.000000 14790.000000
Util 0.000000 14800.000000
Util 0.000000 14810.000000
Util 0.000000 14820.000000
Util 0.000000 14830.000000
Util 0.000000 14840.000000
Util 0.000000 14850.000000
Util 0.000000 14860.000000
Util 0.000000 14870.000000
Util 0.000000 14880.000000
Util 0.000000 14890.000000
Util 0.000000 14900.000000
Util 0.000000 14910.000000
Util 0.000000 14920.000000
Util 0.000000 14930.000000
Util 0.000000 14940.000000
Util 0.000000 14950.000000
Util 0.000000 14960.000000
Util 0.000000 14970.000000
Util 0.000000 14980.000000
Util 0.000000 14990.000000
Util 0.000000 15000.000000
Final finsih time: 323112513746
