Building 1:1 Fat Tree with 16 nodes (k=4)
Util 0.000000 10.000000
Util 0.412320 20.000000
Util 0.483780 30.000000
FCT 14 13 11943936 17.509950 12.745888
FCT 9 13 11943936 24.312510 12.745888
Util 0.448012 40.000000
Util 0.387825 50.000000
FCT 2 14 49561600 43.192419 11.235240
FCT 0 10 49561600 43.205875 11.235240
FCT 10 3 49561600 43.310970 11.235240
Util 0.302468 60.000000
Util 0.219037 70.000000
FCT 6 8 11943936 62.652622 12.745888
Util 0.219548 80.000000
Util 0.220358 90.000000
FCT 10 7 11943936 41.775947 55.951763
FCT 14 7 11943936 41.804469 55.938307
Util 0.224760 100.000000
FCT 7 2 49561600 90.184474 11.235240
FCT 6 7 49561600 92.494579 11.235240
FCT 9 8 49561600 93.463280 11.235240
FCT 3 8 11943936 50.832318 56.056858
FCT 15 0 49561600 95.852002 11.235240
FCT 8 2 49561600 97.210867 11.235240
Util 0.207630 110.000000
Util 0.162428 120.000000
Util 0.167527 130.000000
FCT 2 1 11943936 29.368248 102.930362
FCT 0 1 11943936 25.333994 108.597890
FCT 2 13 11943936 24.878893 109.956755
FCT 15 8 49561600 128.407507 11.235240
Util 0.155745 140.000000
FCT 7 1 11943936 38.744291 105.240467
FCT 8 9 49561600 133.166282 11.235240
Util 0.082448 150.000000
FCT 9 7 11943936 10.413686 145.912170
Util 0.089925 160.000000
Util 0.086513 170.000000
Util 0.111975 180.000000
Util 0.112867 190.000000
FCT 7 9 49561600 178.964934 11.235240
Util 0.169492 200.000000
FCT 9 7 11943936 10.417371 191.710822
FCT 13 9 49561600 196.483088 11.235240
FCT 13 9 49561600 197.211542 11.235240
Util 0.127897 210.000000
Util 0.117585 220.000000
FCT 9 1 11943936 19.141579 209.228976
Util 0.148035 230.000000
FCT 9 13 11943936 20.597413 209.957430
Util 0.123037 240.000000
Util 0.119880 250.000000
Util 0.208560 260.000000
Util 0.238050 270.000000
Util 0.240870 280.000000
FCT 13 3 8306688 30.308307 254.631725
FCT 8 13 35831808 121.813869 164.237109
FCT 8 0 35831808 123.458202 164.237109
FCT 8 14 35831808 124.171283 164.237109
FCT 8 4 35831808 124.895254 164.237109
Util 0.238245 290.000000
Util 0.283665 300.000000
FCT 4 12 8306688 10.154608 290.125531
FCT 0 14 8306688 12.537581 288.688478
Util 0.298560 310.000000
FCT 3 8 16613376 18.496678 291.567288
FCT 14 3 16613376 20.600109 296.028816
FCT 13 11 8306688 32.289634 287.044146
Util 0.287903 320.000000
FCT 12 9 16613376 14.603725 306.907395
FCT 1 3 16613376 62.918245 259.074693
Util 0.241478 330.000000
FCT 3 12 11075584 14.077264 324.325764
FCT 9 13 11075584 10.132866 329.207960
Util 0.333458 340.000000
FCT 11 7 16613376 14.484947 325.961035
Util 0.242677 350.000000
FCT 14 1 16613376 44.226086 307.853315
FCT 8 1 11075584 34.356183 317.760806
FCT 12 3 11075584 9.789174 343.975645
FCT 3 0 11075584 18.559283 335.262393
FCT 7 10 35831808 129.380848 225.211907
FCT 13 11 2359296 9.821531 345.381554
FCT 3 13 2359296 2.064906 354.232931
FCT 7 2 35831808 131.415299 225.211907
FCT 0 8 2359296 2.413946 354.289789
FCT 7 14 35831808 132.590966 225.211907
FCT 1 5 35831808 106.923235 251.454269
Util 0.341025 360.000000
FCT 1 11 35831808 109.040778 251.454269
FCT 10 4 8306688 7.362890 355.585923
FCT 1 12 35831808 112.736720 251.454269
FCT 7 1 35831808 139.192922 225.211907
FCT 2 3 8306688 8.538925 357.620374
Util 0.356475 370.000000
FCT 7 13 11075584 22.970170 348.142822
FCT 14 6 8306688 13.243846 358.796041
FCT 12 15 8306688 7.253546 365.184157
FCT 11 14 2359296 23.130637 355.203085
FCT 11 6 2359296 23.969926 355.203085
Util 0.296393 380.000000
FCT 11 6 2359296 24.983715 355.203085
FCT 11 8 2359296 25.711286 355.203085
FCT 8 14 2359296 24.562992 356.703734
FCT 11 9 2359296 26.546787 355.203085
FCT 8 6 2359296 25.119139 356.703734
FCT 8 6 2359296 26.750310 356.703734
FCT 8 9 2359296 26.835664 356.703734
FCT 11 7 2359296 29.229414 355.203085
FCT 8 7 2359296 27.940909 356.703734
FCT 11 10 2359296 30.394464 355.203085
FCT 11 13 2359296 31.084701 355.203085
FCT 8 10 2359296 29.699166 356.703734
FCT 8 13 2359296 30.331149 356.703734
FCT 11 10 2359296 32.955296 355.203085
FCT 8 10 2359296 31.493643 356.703734
FCT 13 14 2359296 32.055030 356.297837
FCT 4 13 11075584 11.366279 377.272908
FCT 11 8 2359296 33.537555 355.203085
FCT 13 6 2359296 32.872216 356.297837
FCT 8 9 2359296 33.213216 356.703734
Util 0.416048 390.000000
FCT 11 9 2359296 34.858829 355.203085
FCT 13 8 2359296 34.004874 356.297837
FCT 1 0 11075584 33.249192 357.689605
FCT 8 5 2359296 34.396125 356.703734
FCT 11 5 2359296 35.913784 355.203085
FCT 13 6 2359296 34.835037 356.297837
FCT 13 9 2359296 35.283109 356.297837
FCT 13 7 2359296 36.089014 356.297837
FCT 11 12 2359296 37.637363 355.203085
FCT 8 12 2359296 36.184928 356.703734
FCT 3 11 16613376 20.145262 372.786555
FCT 13 10 2359296 37.712952 356.297837
FCT 11 4 2359296 39.042662 355.203085
FCT 8 4 2359296 37.597014 356.703734
FCT 8 3 2359296 37.689552 356.703734
FCT 6 1 16613376 15.756104 378.667144
FCT 0 10 2359296 3.177032 391.406909
FCT 1 11 8306688 29.470509 365.397997
FCT 13 10 2359296 38.810902 356.297837
FCT 15 4 16613376 16.778918 379.064958
FCT 13 8 2359296 40.120739 356.297837
FCT 11 3 2359296 42.277795 355.203085
FCT 13 9 2359296 41.183450 356.297837
FCT 13 5 2359296 43.502531 356.297837
Util 0.280687 400.000000
FCT 11 12 8306688 38.775970 361.488214
FCT 13 4 2359296 44.348122 356.297837
FCT 13 12 2359296 45.609805 356.297837
FCT 11 3 2359296 49.926675 355.203085
FCT 8 3 2359296 49.690531 356.703734
FCT 13 3 2359296 53.541504 356.297837
Util 0.191738 410.000000
FCT 1 3 11075584 50.960648 359.776241
FCT 13 3 2359296 54.499110 356.297837
FCT 5 3 16613376 44.807829 365.997928
FCT 13 8 35831808 162.822941 253.638557
FCT 10 14 2359296 24.088882 394.583941
FCT 1 3 11075584 17.629899 402.120088
Util 0.264285 420.000000
FCT 10 6 2359296 25.572544 394.583941
FCT 13 14 35831808 167.027828 253.638557
FCT 10 6 2359296 26.778650 394.583941
FCT 10 8 2359296 27.115555 394.583941
FCT 10 7 2359296 28.985245 394.583941
FCT 10 13 2359296 29.765261 394.583941
FCT 8 4 8306688 7.250040 417.454665
FCT 10 8 2359296 31.062835 394.583941
FCT 10 3 2359296 31.437722 394.583941
FCT 4 9 11075584 23.041981 403.540716
FCT 10 9 2359296 32.016274 394.583941
FCT 12 1 11075584 12.492710 414.588280
FCT 10 5 2359296 32.729488 394.583941
FCT 10 4 2359296 33.840336 394.583941
FCT 10 9 2359296 34.493598 394.583941
FCT 10 3 2359296 35.070877 394.583941
FCT 11 10 16613376 28.460445 401.495761
Util 0.323115 430.000000
FCT 10 12 2359296 35.457395 394.583941
FCT 11 9 11075584 29.740171 400.628657
FCT 13 1 35831808 178.954904 253.638557
FCT 14 6 8306688 11.017447 421.659553
FCT 9 4 2359296 2.063185 432.623426
FCT 1 10 2359296 3.317875 433.121718
FCT 13 11 11075584 44.551397 394.211803
FCT 13 9 11075584 62.354363 376.685608
Util 0.250995 440.000000
FCT 11 13 2359296 2.068649 439.231312
FCT 9 1 2359296 2.717539 439.508083
FCT 3 6 11075584 26.904040 416.309506
FCT 3 7 11075584 25.139138 418.502596
FCT 3 0 11075584 21.412016 425.322603
FCT 0 2 2359296 2.225889 447.202731
Util 0.381983 450.000000
FCT 6 14 2359296 11.207890 443.681657
FCT 9 14 11075584 19.273363 435.941445
FCT 10 14 2359296 21.397632 436.439593
FCT 10 6 2359296 21.768886 436.439593
FCT 4 14 2359296 24.273690 434.686611
FCT 4 6 2359296 24.954493 434.686611
Util 0.397838 460.000000
FCT 10 6 2359296 23.648240 436.439593
FCT 10 8 2359296 24.202685 436.439593
FCT 4 6 2359296 26.228613 434.686611
FCT 6 4 16613376 21.792800 439.304256
FCT 13 14 2359296 20.022627 441.299961
FCT 10 9 2359296 24.904256 436.439593
FCT 4 8 2359296 26.759968 434.686611
FCT 10 7 2359296 25.505440 436.439593
FCT 13 6 2359296 20.836695 441.299961
FCT 4 9 2359296 27.459744 434.686611
FCT 10 13 2359296 26.188274 436.439593
FCT 4 7 2359296 28.063290 434.686611
FCT 13 6 2359296 22.362527 441.299961
FCT 4 13 2359296 29.219606 434.686611
FCT 1 15 8306688 30.431742 433.586629
FCT 7 5 11075584 14.893125 449.214350
FCT 13 8 2359296 23.015059 441.299961
FCT 10 3 2359296 27.909251 436.439593
FCT 10 8 2359296 28.366000 436.439593
FCT 1 14 2359296 22.803370 442.225622
FCT 13 9 2359296 23.912906 441.299961
FCT 13 7 2359296 24.053635 441.299961
FCT 10 9 2359296 29.018560 436.439593
FCT 10 5 2359296 29.136518 436.439593
FCT 1 6 2359296 23.409520 442.225622
FCT 4 10 2359296 30.985882 434.686611
FCT 4 3 2359296 31.719155 434.686611
FCT 5 13 2359296 2.066038 464.575587
FCT 10 4 2359296 30.430768 436.439593
FCT 1 6 2359296 24.837555 442.225622
FCT 10 3 2359296 31.253709 436.439593
FCT 1 8 2359296 25.556982 442.225622
FCT 4 8 2359296 33.139837 434.686611
FCT 10 12 2359296 31.516506 436.439593
FCT 13 3 2359296 26.712614 441.299961
FCT 4 10 2359296 34.052845 434.686611
FCT 13 10 2359296 27.446899 441.299961
FCT 1 9 2359296 26.527680 442.225622
FCT 1 7 2359296 26.617734 442.225622
FCT 4 9 2359296 34.166685 434.686611
FCT 4 5 2359296 34.412995 434.686611
FCT 13 10 2359296 28.251820 441.299961
FCT 13 8 2359296 28.321882 441.299961
FCT 1 13 2359296 27.423558 442.225622
Util 0.387060 470.000000
FCT 1 10 2359296 28.266835 442.225622
FCT 4 3 2359296 35.979939 434.686611
FCT 13 9 2359296 29.610967 441.299961
FCT 4 12 2359296 36.420538 434.686611
FCT 13 5 2359296 30.398485 441.299961
FCT 1 3 2359296 29.785866 442.225622
FCT 1 10 2359296 29.837021 442.225622
FCT 13 3 2359296 31.026829 441.299961
FCT 2 6 2359296 23.116269 449.428620
FCT 2 14 2359296 23.301843 449.428620
FCT 13 4 2359296 31.510419 441.299961
FCT 1 8 2359296 30.640445 442.225622
FCT 2 6 2359296 24.104614 449.428620
FCT 1 9 2359296 31.519242 442.225622
FCT 1 5 2359296 32.740605 442.225622
FCT 2 8 2359296 25.694202 449.428620
FCT 2 9 2359296 25.757501 449.428620
FCT 13 12 2359296 34.349277 441.299961
FCT 1 4 2359296 33.463547 442.225622
FCT 2 7 2359296 26.673117 449.428620
FCT 1 3 2359296 33.929126 442.225622
FCT 10 1 11075584 38.701210 437.653046
FCT 2 10 2359296 28.120499 449.428620
FCT 2 13 2359296 28.262450 449.428620
FCT 2 3 2359296 29.040803 449.428620
FCT 14 6 2359296 23.815739 454.889547
FCT 2 10 2359296 29.744864 449.428620
FCT 14 6 2359296 24.762192 454.889547
Util 0.325808 480.000000
FCT 1 12 2359296 38.312407 442.225622
FCT 2 5 2359296 32.212323 449.428620
FCT 14 7 2359296 26.848472 454.889547
FCT 14 8 2359296 27.371650 454.889547
FCT 2 8 2359296 32.886378 449.428620
FCT 14 9 2359296 27.465032 454.889547
FCT 2 4 2359296 33.043658 449.428620
FCT 14 13 2359296 27.640536 454.889547
FCT 2 9 2359296 33.201399 449.428620
FCT 14 10 2359296 28.679240 454.889547
FCT 2 3 2359296 34.582470 449.428620
FCT 14 3 2359296 29.715864 454.889547
FCT 14 10 2359296 30.408244 454.889547
FCT 2 12 2359296 37.281312 449.428620
FCT 14 5 2359296 32.809963 454.889547
FCT 14 9 2359296 33.214669 454.889547
FCT 14 4 2359296 33.674936 454.889547
FCT 14 3 2359296 34.480846 454.889547
Util 0.258480 490.000000
FCT 4 13 11075584 21.488247 468.793896
FCT 15 12 16613376 20.151269 470.645627
FCT 14 15 2359296 35.360877 455.682920
FCT 14 12 2359296 36.584402 454.889547
FCT 14 8 2359296 38.927685 454.889547
FCT 4 8 16613376 62.506438 431.331961
FCT 13 14 2359296 28.560131 466.641625
FCT 13 6 2359296 29.372610 466.641625
FCT 13 6 2359296 30.556619 466.641625
Util 0.164235 500.000000
FCT 13 9 2359296 33.518089 466.641625
FCT 13 7 2359296 33.924912 466.641625
FCT 13 10 2359296 33.938328 466.641625
FCT 13 8 2359296 34.047974 466.641625
FCT 1 8 11075584 18.905621 481.926872
FCT 13 3 2359296 35.083229 466.641625
FCT 13 10 2359296 36.200174 466.641625
FCT 13 8 2359296 37.479373 466.641625
FCT 13 9 2359296 37.809981 466.641625
FCT 8 6 2359296 3.315629 501.300605
FCT 13 5 2359296 37.976134 466.641625
FCT 13 4 2359296 38.782009 466.641625
FCT 13 3 2359296 39.582763 466.641625
FCT 13 12 2359296 40.365443 466.641625
FCT 12 15 11075584 9.667832 498.493736
Util 0.263107 510.000000
FCT 8 11 11075584 11.477797 501.535240
FCT 15 14 2359296 22.303539 491.043797
FCT 15 6 2359296 23.120061 491.043797
FCT 15 6 2359296 23.919936 491.043797
FCT 13 2 11075584 20.811369 495.854758
FCT 15 8 2359296 25.645088 491.043797
FCT 15 7 2359296 26.442355 491.043797
FCT 15 9 2359296 26.455904 491.043797
FCT 15 13 2359296 27.133171 491.043797
FCT 15 10 2359296 28.061459 491.043797
FCT 2 0 2359296 2.059373 517.134240
FCT 15 3 2359296 28.898256 491.043797
Util 0.194963 520.000000
FCT 15 10 2359296 29.550387 491.043797
FCT 15 8 2359296 30.355853 491.043797
FCT 15 9 2359296 31.158282 491.043797
FCT 11 14 2359296 3.323440 519.053765
FCT 15 5 2359296 31.969872 491.043797
FCT 6 14 2359296 18.565754 504.616233
FCT 15 4 2359296 32.774813 491.043797
FCT 6 8 2359296 19.895664 504.616233
FCT 15 3 2359296 33.577190 491.043797
FCT 6 9 2359296 20.278486 504.616233
FCT 6 7 2359296 20.736138 504.616233
FCT 15 12 2359296 34.380771 491.043797
FCT 6 13 2359296 21.548166 504.616233
FCT 6 10 2359296 22.352534 504.616233
FCT 6 3 2359296 23.155856 504.616233
FCT 6 10 2359296 24.536925 504.616233
FCT 6 8 2359296 24.790918 504.616233
Util 0.212130 530.000000
FCT 6 9 2359296 25.725974 504.616233
FCT 6 5 2359296 26.372589 504.616233
FCT 6 4 2359296 27.175962 504.616233
FCT 6 3 2359296 27.982986 504.616233
FCT 6 12 2359296 28.786307 504.616233
FCT 15 7 11075584 24.291943 513.734184
Util 0.194947 540.000000
FCT 0 14 2359296 21.229651 519.193612
FCT 7 9 2359296 2.061926 538.494238
FCT 0 6 2359296 21.680874 519.193612
FCT 0 6 2359296 22.480851 519.193612
FCT 0 8 2359296 23.458880 519.193612
FCT 0 9 2359296 24.091043 519.193612
FCT 14 6 2359296 22.087350 522.377205
FCT 0 7 2359296 25.572744 519.193612
FCT 0 13 2359296 25.699984 519.193612
FCT 0 10 2359296 26.651050 519.193612
FCT 14 6 2359296 23.550323 522.377205
FCT 14 8 2359296 23.661926 522.377205
FCT 14 9 2359296 23.694394 522.377205
FCT 0 3 2359296 27.305478 519.193612
FCT 0 10 2359296 28.115949 519.193612
FCT 14 7 2359296 25.235914 522.377205
FCT 0 8 2359296 28.921568 519.193612
FCT 14 13 2359296 26.011686 522.377205
FCT 14 10 2359296 26.533688 522.377205
FCT 0 9 2359296 29.723946 519.193612
FCT 14 3 2359296 26.912480 522.377205
FCT 0 5 2359296 30.529411 519.193612
Util 0.177165 550.000000
FCT 0 4 2359296 31.331789 519.193612
FCT 14 10 2359296 28.159517 522.377205
FCT 14 8 2359296 28.526118 522.377205
FCT 0 3 2359296 32.184902 519.193612
FCT 14 9 2359296 29.328342 522.377205
FCT 0 12 2359296 32.939581 519.193612
FCT 14 5 2359296 30.135213 522.377205
FCT 14 4 2359296 30.940739 522.377205
FCT 14 3 2359296 31.740810 522.377205
FCT 14 12 2359296 32.541526 522.377205
FCT 9 14 2359296 18.327578 540.556165
FCT 9 6 2359296 19.136643 540.556165
Util 0.104865 560.000000
FCT 9 6 2359296 20.310883 540.556165
FCT 9 8 2359296 20.931222 540.556165
FCT 9 7 2359296 21.545664 540.556165
FCT 9 10 2359296 23.151386 540.556165
FCT 9 13 2359296 23.241830 540.556165
FCT 14 13 1048576 1.745176 562.164278
FCT 14 4 1048576 1.836659 562.164278
FCT 6 13 1048576 1.874408 562.973344
FCT 14 2 1048576 2.751286 562.164278
FCT 6 14 1048576 2.003283 562.973344
FCT 9 13 1048576 16.302693 549.352134
FCT 9 14 1048576 16.372659 549.352134
FCT 14 10 1048576 3.664765 562.164278
FCT 6 4 1048576 2.887216 562.973344
FCT 9 4 1048576 17.290374 549.352134
FCT 6 2 1048576 3.813709 562.973344
FCT 14 3 1048576 4.653024 562.164278
FCT 8 13 1048576 2.073093 564.767923
FCT 8 14 1048576 2.195610 564.767923
FCT 7 13 1048576 2.099266 565.382365
FCT 7 14 1048576 2.281840 565.382365
FCT 6 10 1048576 4.742851 562.973344
FCT 8 4 1048576 3.092106 564.767923
FCT 9 2 1048576 18.882608 549.352134
FCT 10 13 1048576 1.407242 566.988086
FCT 13 14 1048576 1.474128 567.078531
FCT 14 2 1048576 6.437066 562.164278
FCT 7 4 1048576 3.225882 565.382365
FCT 6 3 1048576 5.818461 562.973344
FCT 9 10 1048576 19.796736 549.352134
FCT 13 4 1048576 2.399299 567.078531
FCT 14 6 1048576 7.323312 562.164278
FCT 14 10 1048576 7.391338 562.164278
FCT 9 3 1048576 20.237622 549.352134
FCT 8 2 1048576 4.899443 564.767923
FCT 10 14 1048576 2.735594 566.988086
Util 0.211523 570.000000
FCT 10 4 1048576 3.310550 566.988086
FCT 14 9 1048576 8.243866 562.164278
FCT 6 14 1048576 7.443450 562.973344
FCT 7 2 1048576 5.059488 565.382365
FCT 8 10 1048576 5.921014 564.767923
FCT 9 14 1048576 21.858022 549.352134
FCT 8 3 1048576 6.491792 564.767923
FCT 14 6 1048576 9.153779 562.164278
FCT 7 10 1048576 6.193008 565.382365
FCT 8 14 1048576 7.358010 564.767923
FCT 14 5 1048576 10.069606 562.164278
FCT 7 3 1048576 7.418550 565.382365
FCT 7 14 1048576 7.656995 565.382365
FCT 14 8 1048576 10.987437 562.164278
FCT 13 10 1048576 6.252272 567.078531
FCT 6 9 1048576 10.748746 562.973344
FCT 6 10 1048576 10.868128 562.973344
FCT 9 6 1048576 24.755306 549.352134
FCT 10 3 1048576 7.120886 566.988086
FCT 14 9 1048576 12.181837 562.164278
FCT 6 5 1048576 11.388525 562.973344
FCT 13 3 1048576 7.342349 567.078531
FCT 9 10 1048576 25.163587 549.352134
FCT 10 14 1048576 7.544006 566.988086
FCT 6 2 1048576 11.683123 562.973344
FCT 13 14 1048576 7.787805 567.078531
FCT 14 15 1048576 12.805981 562.164278
FCT 6 8 1048576 12.306637 562.973344
FCT 13 2 1048576 8.333792 567.078531
FCT 8 10 1048576 10.913917 564.767923
FCT 9 6 1048576 26.335322 549.352134
FCT 10 2 1048576 8.744246 566.988086
FCT 9 2 1048576 26.420630 549.352134
FCT 9 5 1048576 26.591354 549.352134
FCT 7 10 1048576 10.804960 565.382365
FCT 8 6 1048576 11.646400 564.767923
FCT 9 8 1048576 27.498850 549.352134
FCT 6 9 1048576 14.036790 562.973344
FCT 13 10 1048576 10.023869 567.078531
FCT 8 9 1048576 12.337354 564.767923
FCT 6 15 1048576 14.375574 562.973344
FCT 8 2 1048576 13.017526 564.767923
FCT 7 6 1048576 12.545651 565.382365
FCT 9 15 1048576 28.666979 549.352134
FCT 6 13 1048576 13.872934 564.147584
FCT 7 2 1048576 12.782250 565.382365
FCT 13 2 1048576 11.088802 567.078531
FCT 10 2 1048576 11.181706 566.988086
FCT 7 9 1048576 13.111642 565.382365
FCT 10 6 1048576 11.536176 566.988086
FCT 9 3 2359296 37.980877 540.556165
FCT 6 14 1048576 14.785366 564.147584
FCT 10 9 1048576 11.946480 566.988086
FCT 9 10 2359296 38.782256 540.556165
FCT 8 5 1048576 14.605296 564.767923
FCT 6 4 1048576 15.698691 564.147584
Util 0.304095 580.000000
FCT 9 8 2359296 39.579219 540.556165
FCT 8 9 1048576 15.902669 564.767923
FCT 6 2 1048576 16.615718 564.147584
FCT 9 5 2359296 40.397094 540.556165
FCT 13 9 1048576 14.117862 567.078531
FCT 8 15 1048576 16.538146 564.767923
FCT 6 10 1048576 17.531290 564.147584
FCT 8 6 1048576 17.347398 564.767923
FCT 13 6 1048576 15.123072 567.078531
FCT 7 6 1048576 16.999462 565.382365
FCT 10 6 1048576 15.506298 566.988086
FCT 6 3 1048576 18.448573 564.147584
FCT 7 5 1048576 17.496512 565.382365
FCT 10 5 1048576 15.993286 566.988086
FCT 9 13 1048576 28.226944 554.986083
FCT 13 6 1048576 16.272467 567.078531
FCT 3 13 1048576 1.620512 581.817578
FCT 7 8 1048576 18.409750 565.382365
FCT 13 5 1048576 16.796858 567.078531
FCT 10 8 1048576 16.912934 566.988086
FCT 8 13 1048576 1.031990 583.415920
FCT 6 2 1048576 20.394461 564.147584
FCT 7 9 1048576 19.347290 565.382365
FCT 13 8 1048576 17.706278 567.078531
FCT 10 9 1048576 17.838013 566.988086
FCT 9 4 1048576 29.916848 554.986083
FCT 9 14 1048576 29.992698 554.986083
FCT 3 4 1048576 3.430634 581.817578
FCT 3 14 1048576 3.452784 581.817578
FCT 6 14 1048576 21.127629 564.147584
FCT 6 10 1048576 21.325130 564.147584
FCT 5 13 1048576 1.311469 584.233795
FCT 7 15 1048576 20.308858 565.382365
FCT 13 9 1048576 18.645878 567.078531
FCT 10 15 1048576 18.803283 566.988086
FCT 9 2 1048576 30.934886 554.986083
FCT 10 13 1048576 3.561277 582.618957
FCT 8 14 1048576 2.846592 583.415920
FCT 3 2 1048576 4.449974 581.817578
FCT 8 4 1048576 2.886550 583.415920
FCT 6 9 1048576 22.488368 564.147584
FCT 13 15 1048576 19.601242 567.078531
FCT 9 10 1048576 31.853043 554.986083
FCT 9 3 1048576 32.167118 554.986083
FCT 6 5 1048576 23.043355 564.147584
FCT 3 10 1048576 5.374336 581.817578
FCT 5 4 1048576 3.024643 584.233795
FCT 8 2 1048576 3.878765 583.415920
FCT 5 14 1048576 3.196022 584.233795
FCT 10 4 1048576 5.373203 582.618957
FCT 6 8 1048576 23.958170 564.147584
FCT 8 10 1048576 4.790666 583.415920
FCT 5 2 1048576 4.000541 584.233795
FCT 10 14 1048576 5.868717 582.618957
FCT 5 10 1048576 4.787862 584.233795
FCT 6 9 1048576 24.874202 564.147584
FCT 10 2 1048576 6.613939 582.618957
FCT 8 3 1048576 5.837602 583.415920
FCT 3 14 1048576 7.958566 581.817578
Util 0.334410 590.000000
FCT 9 14 1048576 35.074666 554.986083
FCT 6 15 1048576 26.029667 564.147584
FCT 3 2 1048576 8.465024 581.817578
FCT 10 3 1048576 8.005880 582.618957
FCT 5 3 1048576 6.515242 584.233795
FCT 9 2 1048576 35.857005 554.986083
FCT 3 10 1048576 9.099363 581.817578
FCT 9 10 1048576 36.239853 554.986083
FCT 8 2 1048576 8.343098 583.415920
FCT 3 6 1048576 10.000736 581.817578
FCT 8 10 1048576 8.723922 583.415920
FCT 9 6 1048576 37.166301 554.986083
FCT 3 9 1048576 10.337402 581.817578
FCT 8 14 1048576 9.370163 583.415920
FCT 10 14 1048576 10.375117 582.618957
FCT 5 14 1048576 8.763635 584.233795
FCT 10 2 1048576 10.681539 582.618957
FCT 5 10 1048576 9.238742 584.233795
FCT 5 2 1048576 9.350253 584.233795
FCT 9 5 1048576 38.727341 554.986083
FCT 8 9 1048576 10.483395 583.415920
FCT 9 8 1048576 39.555458 554.986083
FCT 3 5 1048576 12.910976 581.817578
FCT 10 9 1048576 12.592656 582.618957
FCT 9 15 1048576 40.491589 554.986083
FCT 9 4 2359296 55.070656 540.556165
FCT 3 8 1048576 13.916051 581.817578
FCT 5 9 1048576 12.088995 584.233795
FCT 9 3 2359296 55.880421 540.556165
FCT 8 5 1048576 13.050418 583.415920
FCT 3 9 1048576 15.232262 581.817578
FCT 9 12 2359296 56.681173 540.556165
FCT 3 15 1048576 15.806861 581.817578
FCT 8 9 1048576 14.397405 583.415920
FCT 10 5 1048576 15.328058 582.618957
FCT 8 15 1048576 15.255258 583.415920
FCT 9 6 1048576 43.995853 554.986083
FCT 10 8 1048576 16.713603 582.618957
FCT 5 8 1048576 15.401312 584.233795
FCT 4 13 1048576 1.036576 598.907357
Util 0.231705 600.000000
FCT 8 6 1048576 16.673277 583.415920
FCT 3 6 1048576 18.291638 581.817578
FCT 10 6 1048576 17.552819 582.618957
FCT 10 6 1048576 17.571587 582.618957
FCT 8 6 1048576 16.775875 583.415920
FCT 5 6 1048576 15.958051 584.233795
FCT 5 6 1048576 15.959955 584.233795
FCT 10 9 1048576 18.041014 582.618957
FCT 3 13 1048576 1.152750 599.717121
FCT 5 9 1048576 16.742438 584.233795
FCT 4 14 1048576 2.083085 598.907357
FCT 10 15 1048576 18.960194 582.618957
FCT 12 13 1048576 1.143878 600.517873
FCT 4 2 1048576 2.755091 598.907357
FCT 5 15 1048576 17.662765 584.233795
FCT 3 14 1048576 2.298634 599.717121
FCT 4 10 1048576 3.665914 598.907357
FCT 3 4 1048576 2.878909 599.717121
FCT 12 14 1048576 2.299693 600.517873
FCT 12 4 1048576 2.864115 600.517873
FCT 3 2 1048576 3.767466 599.717121
FCT 4 3 1048576 4.584661 598.907357
FCT 13 6 1048576 0.926730 603.201256
FCT 12 2 1048576 3.776186 600.517873
FCT 4 14 1048576 5.597562 598.907357
FCT 3 10 1048576 4.863210 599.717121
FCT 14 6 1048576 0.925581 604.357070
FCT 3 14 1048576 5.599677 599.717121
FCT 4 2 1048576 6.524547 598.907357
FCT 12 3 1048576 5.496243 600.517873
FCT 13 10 1048576 2.867901 603.201256
FCT 12 10 1048576 5.611392 600.517873
FCT 3 2 1048576 6.516646 599.717121
FCT 13 11 1048576 3.077843 603.201256
FCT 13 8 1048576 3.677491 603.201256
FCT 12 14 1048576 6.411651 600.517873
FCT 2 6 1048576 1.373152 605.833563
FCT 4 6 1048576 8.869906 598.907357
FCT 13 1 1048576 4.586438 603.201256
FCT 12 2 1048576 7.330115 600.517873
FCT 14 11 1048576 3.547994 604.357070
FCT 14 13 1048576 3.855882 604.357070
FCT 4 9 1048576 9.334370 598.907357
FCT 14 13 1048576 4.802381 604.357070
FCT 3 9 1048576 9.537267 599.717121
FCT 3 6 1048576 9.548819 599.717121
FCT 10 11 1048576 2.185715 607.668769
FCT 13 12 1048576 6.760192 603.201256
Util 0.266190 610.000000
FCT 10 6 1048576 2.376304 607.668769
FCT 14 8 1048576 5.703251 604.357070
FCT 2 11 1048576 4.439021 605.833563
FCT 4 5 1048576 11.444915 598.907357
FCT 2 13 1048576 4.790169 605.833563
FCT 4 10 1048576 11.796952 598.907357
FCT 14 1 1048576 6.624339 604.357070
FCT 13 14 1048576 7.882317 603.201256
FCT 4 6 1048576 12.178574 598.907357
FCT 4 8 1048576 12.381861 598.907357
FCT 10 13 1048576 3.667162 607.668769
FCT 3 10 1048576 12.108058 599.717121
FCT 14 10 1048576 7.504598 604.357070
FCT 12 10 1048576 11.382582 600.517873
FCT 2 10 1048576 6.070595 605.833563
FCT 13 10 1048576 8.704154 603.201256
FCT 3 5 1048576 12.249021 599.717121
FCT 13 3 1048576 8.812045 603.201256
FCT 3 6 1048576 12.583776 599.717121
FCT 12 6 1048576 11.935568 600.517873
FCT 2 13 1048576 6.776681 605.833563
FCT 14 12 1048576 8.450192 604.357070
FCT 14 10 1048576 8.460509 604.357070
FCT 10 13 1048576 5.192654 607.668769
FCT 13 14 1048576 9.726730 603.201256
FCT 12 9 1048576 12.472646 600.517873
FCT 4 9 1048576 14.129650 598.907357
FCT 4 15 1048576 14.203171 598.907357
FCT 2 8 1048576 7.502275 605.833563
FCT 12 6 1048576 12.851549 600.517873
FCT 14 3 1048576 9.375754 604.357070
FCT 2 1 1048576 7.985037 605.833563
FCT 10 8 1048576 6.210038 607.668769
FCT 13 2 1048576 10.768045 603.201256
FCT 12 5 1048576 13.472246 600.517873
FCT 10 1 1048576 6.424339 607.668769
FCT 3 8 1048576 14.509366 599.717121
FCT 4 6 1048576 9.356488 604.921493
FCT 2 10 1048576 8.471552 605.833563
FCT 3 9 1048576 14.719440 599.717121
FCT 10 12 1048576 7.002826 607.668769
FCT 3 15 1048576 15.004586 599.717121
FCT 14 2 1048576 10.403610 604.357070
FCT 12 8 1048576 14.621914 600.517873
FCT 2 12 1048576 9.471782 605.833563
FCT 13 9 1048576 12.245075 603.201256
FCT 10 14 1048576 7.917984 607.668769
FCT 13 5 1048576 12.617440 603.201256
FCT 6 10 1048576 1.922361 613.992946
FCT 4 10 1048576 11.020141 604.921493
FCT 9 6 1048576 1.658630 614.530024
FCT 2 14 1048576 10.388749 605.833563
FCT 3 6 1048576 8.895283 607.553621
FCT 10 3 1048576 8.840406 607.668769
FCT 6 11 1048576 2.765267 613.992946
FCT 4 11 1048576 11.861744 604.921493
FCT 12 15 1048576 16.374755 600.517873
FCT 14 9 1048576 12.578451 604.357070
FCT 2 3 1048576 11.296397 605.833563
FCT 12 9 1048576 16.680374 600.517873
FCT 5 6 1048576 1.753830 615.529624
FCT 14 5 1048576 13.020672 604.357070
FCT 10 14 1048576 9.754403 607.668769
FCT 9 10 1048576 3.065747 614.530024
FCT 13 5 1048576 14.430429 603.201256
FCT 6 13 1048576 3.678461 613.992946
FCT 4 13 1048576 12.810064 604.921493
FCT 3 10 1048576 10.308605 607.553621
FCT 10 2 1048576 10.378387 607.668769
FCT 2 14 1048576 12.219616 605.833563
FCT 14 5 1048576 14.061610 604.357070
FCT 8 6 1048576 1.757718 616.679291
FCT 9 11 1048576 3.907350 614.530024
FCT 5 10 1048576 3.154640 615.529624
FCT 3 11 1048576 11.150208 607.553621
FCT 14 6 1048576 10.646080 608.469029
FCT 2 9 1048576 13.494430 605.833563
FCT 5 11 1048576 3.996243 615.529624
FCT 10 9 1048576 11.934042 607.668769
FCT 8 10 1048576 3.133606 616.679291
FCT 6 8 1048576 5.857398 613.992946
FCT 4 8 1048576 15.010240 604.921493
Util 0.437595 620.000000
FCT 15 6 1048576 1.595616 618.432133
FCT 2 5 1048576 14.398474 605.833563
FCT 14 10 1048576 12.045741 608.469029
FCT 8 11 1048576 3.976410 616.679291
FCT 6 1 1048576 6.833805 613.992946
FCT 10 5 1048576 13.202198 607.668769
FCT 4 1 1048576 15.995763 604.921493
FCT 14 11 1048576 12.886144 608.469029
FCT 15 10 1048576 3.182493 618.432133
FCT 2 5 1048576 16.349882 605.833563
FCT 10 5 1048576 14.755629 607.668769
FCT 15 11 1048576 4.030352 618.432133
FCT 2 6 1048576 13.095178 609.387493
FCT 10 6 1048576 9.300675 613.439960
FCT 6 10 1048576 9.198665 613.992946
FCT 9 8 1048576 8.669110 614.530024
FCT 10 11 1048576 9.825795 613.439960
FCT 4 10 1048576 18.361456 604.921493
FCT 3 8 1048576 15.789350 607.553621
FCT 5 8 1048576 8.435194 615.529624
FCT 2 11 1048576 14.711114 609.387493
FCT 2 10 1048576 14.811386 609.387493
FCT 9 1 1048576 10.502832 614.530024
FCT 3 1 1048576 17.734378 607.553621
FCT 14 8 1048576 17.581168 608.469029
FCT 8 1 1048576 9.375795 616.679291
FCT 9 10 1048576 11.601033 614.530024
FCT 4 14 1048576 21.211427 604.921493
FCT 6 14 1048576 12.167718 613.992946
FCT 5 1 1048576 10.745622 615.529624
FCT 3 10 1048576 18.902838 607.553621
FCT 4 3 1048576 21.951376 604.921493
FCT 6 3 1048576 12.926461 613.992946
FCT 15 8 1048576 8.939229 618.432133
FCT 10 8 1048576 13.992864 613.439960
FCT 2 8 1048576 18.293155 609.387493
FCT 8 10 1048576 11.144947 616.679291
FCT 5 10 1048576 12.355821 615.529624
FCT 14 1 1048576 19.821901 608.469029
FCT 4 2 1048576 23.887029 604.921493
FCT 4 14 1048576 23.971786 604.921493
FCT 6 2 1048576 14.948206 613.992946
FCT 6 14 1048576 14.991962 613.992946
FCT 14 10 1048576 20.906189 608.469029
FCT 10 1 1048576 16.182246 613.439960
FCT 15 1 1048576 11.217702 618.432133
FCT 4 9 1048576 24.819800 604.921493
FCT 6 9 1048576 15.885782 613.992946
FCT 2 1 1048576 20.543152 609.387493
Util 0.330330 630.000000
FCT 9 3 1048576 15.842755 614.530024
FCT 9 14 1048576 15.961210 614.530024
FCT 15 10 1048576 12.241923 618.432133
FCT 4 5 1048576 25.778459 604.921493
FCT 3 14 1048576 23.473722 607.553621
FCT 6 5 1048576 17.041333 613.992946
FCT 2 10 1048576 22.423875 609.387493
FCT 6 10 1048576 17.615651 614.908926
FCT 4 5 1048576 27.680392 604.921493
FCT 6 5 1048576 18.762998 613.992946
FCT 3 2 1048576 25.543232 607.553621
FCT 6 11 1048576 18.488883 614.908926
FCT 9 2 1048576 18.899248 614.530024
FCT 3 14 1048576 25.901264 607.553621
FCT 3 9 1048576 26.319203 607.553621
FCT 9 14 1048576 19.612970 614.530024
FCT 5 3 1048576 18.655466 615.529624
FCT 8 14 1048576 17.667699 616.679291
FCT 8 3 1048576 17.689622 616.679291
FCT 5 14 1048576 18.899974 615.529624
FCT 9 5 1048576 19.954877 614.530024
FCT 14 3 1048576 26.618022 608.469029
FCT 14 12 1048576 26.710240 608.469029
FCT 15 12 1048576 17.074707 618.432133
FCT 15 13 1048576 17.290608 618.432133
FCT 3 5 1048576 28.188736 607.553621
FCT 14 13 1048576 27.330803 608.469029
FCT 15 13 1048576 17.382765 618.432133
FCT 15 14 1048576 17.506256 618.432133
FCT 9 6 1048576 17.393072 618.737752
FCT 9 5 1048576 21.749200 614.530024
FCT 14 2 1048576 27.857907 608.469029
FCT 4 12 1048576 31.511670 604.921493
FCT 14 9 1048576 28.132253 608.469029
FCT 6 8 1048576 21.847238 614.908926
FCT 3 5 1048576 29.367418 607.553621
FCT 14 13 1048576 28.483254 608.469029
FCT 9 10 1048576 18.311485 618.737752
FCT 15 3 1048576 18.749290 618.432133
FCT 5 2 1048576 21.716995 615.529624
FCT 8 2 1048576 20.657123 616.679291
FCT 10 3 1048576 23.896714 613.439960
FCT 6 12 1048576 23.370275 613.992946
FCT 3 12 1048576 29.872262 607.553621
FCT 9 12 1048576 23.069338 614.530024
FCT 14 5 1048576 29.367888 608.469029
FCT 5 12 1048576 22.393174 615.529624
FCT 8 12 1048576 21.257366 616.679291
FCT 9 11 1048576 19.242774 618.737752
FCT 5 9 1048576 22.484262 615.529624
FCT 10 12 1048576 24.611565 613.439960
FCT 2 12 1048576 28.670544 609.387493
FCT 2 3 1048576 28.784522 609.387493
FCT 8 9 1048576 21.571053 616.679291
FCT 6 1 1048576 23.754726 614.908926
FCT 14 5 1048576 30.655475 608.469029
FCT 8 5 1048576 22.988131 616.679291
FCT 4 13 1048576 35.008973 604.921493
FCT 6 10 1048576 25.082950 614.908926
Util 0.335317 640.000000
FCT 9 13 1048576 25.546166 614.530024
FCT 8 5 1048576 23.898106 616.679291
FCT 6 13 1048576 26.726614 613.992946
FCT 15 14 1048576 22.425325 618.432133
FCT 15 2 1048576 22.433984 618.432133
FCT 10 2 1048576 27.493133 613.439960
FCT 9 13 1048576 26.447590 614.530024
FCT 6 12 1048576 26.160416 614.908926
FCT 8 13 1048576 24.419206 616.679291
FCT 10 13 1048576 27.667245 613.439960
FCT 3 13 1048576 33.608586 607.553621
FCT 2 13 1048576 31.819757 609.387493
FCT 5 13 1048576 25.779075 615.529624
FCT 3 13 1048576 33.818890 607.553621
FCT 8 13 1048576 24.755779 616.679291
FCT 6 13 1048576 26.647459 614.908926
FCT 10 13 1048576 28.126384 613.439960
FCT 2 13 1048576 32.193917 609.387493
FCT 5 13 1048576 26.054288 615.529624
FCT 6 13 1048576 26.697507 614.908926
FCT 9 13 1048576 22.873738 618.737752
FCT 9 8 1048576 23.163818 618.737752
FCT 15 9 1048576 23.633606 618.432133
FCT 9 13 1048576 23.595168 618.737752
FCT 10 9 1048576 29.203834 613.439960
FCT 15 5 1048576 24.260755 618.432133
FCT 9 1 1048576 24.103514 618.737752
FCT 2 9 1048576 33.716842 609.387493
FCT 8 14 1048576 26.741763 616.679291
FCT 5 14 1048576 27.951539 615.529624
FCT 10 14 1048576 30.052362 613.439960
FCT 10 14 1048576 30.096205 613.439960
FCT 2 14 1048576 34.168691 609.387493
FCT 6 3 1048576 28.651184 614.908926
FCT 2 14 1048576 34.183603 609.387493
FCT 9 10 1048576 25.013187 618.737752
FCT 6 14 1048576 28.966211 614.908926
FCT 10 5 1048576 30.608883 613.439960
FCT 9 12 1048576 25.932717 618.737752
FCT 6 14 1048576 29.879638 614.908926
FCT 6 2 1048576 30.493187 614.908926
FCT 9 14 1048576 26.961254 618.737752
FCT 6 9 1048576 31.406768 614.908926
FCT 9 3 1048576 27.761818 618.737752
FCT 10 5 1048576 33.649654 613.439960
FCT 15 5 1048576 28.659984 618.432133
FCT 2 5 1048576 37.709629 609.387493
FCT 2 5 1048576 37.715885 609.387493
FCT 9 14 1048576 28.675347 618.737752
FCT 6 5 1048576 33.110278 614.908926
FCT 9 2 1048576 29.591123 618.737752
FCT 6 5 1048576 34.023706 614.908926
FCT 9 5 1048576 31.110656 618.737752
Util 0.182535 650.000000
FCT 9 5 1048576 32.023139 618.737752
FCT 0 2 92928 0.084979 651.366019
FCT 2 6 92928 0.087533 651.450998
FCT 6 7 92928 0.082528 651.538531
FCT 7 8 92928 0.087533 651.621059
FCT 8 9 92928 0.082528 651.708592
FCT 9 10 92928 0.084979 651.791120
FCT 10 13 92928 0.087482 651.876099
FCT 13 14 92928 0.084979 651.963581
FCT 14 15 92928 0.082528 652.048560
FCT 1 7 1228800 1.077232 652.131088
FCT 7 8 1228800 1.077232 653.208320
FCT 8 13 1228800 1.077232 654.285552
FCT 1 3 2654208 2.317171 655.362784
FCT 3 4 2654208 2.319674 657.679955
Util 0.055942 660.000000
FCT 4 5 2654208 2.314669 659.999629
FCT 5 6 2654208 2.317171 662.314298
FCT 6 11 2654208 2.319674 664.631469
FCT 11 12 2654208 2.319674 666.951142
Util 0.059820 670.000000
FCT 12 14 2654208 2.317069 669.270816
FCT 14 15 2654208 2.314669 671.587885
FCT 1 3 3538944 3.087910 673.902554
Util 0.059873 680.000000
FCT 3 4 3538944 3.090310 676.990464
FCT 4 7 3538944 3.087859 680.080774
FCT 7 8 3538944 3.090413 683.168634
FCT 8 9 3538944 3.085408 686.259046
Util 0.059858 690.000000
FCT 9 10 3538944 3.087859 689.344454
FCT 10 11 3538944 3.085408 692.432314
FCT 11 12 3538944 3.090413 695.517722
Util 0.059873 700.000000
FCT 1 3 2359296 2.059373 698.608134
FCT 3 7 2359296 2.061926 700.667507
FCT 7 9 2359296 2.061926 702.729434
FCT 9 11 2359296 2.059373 704.791360
FCT 11 12 2359296 2.061926 706.850733
Util 0.059805 710.000000
FCT 12 13 2359296 2.056922 708.912659
FCT 13 15 2359296 2.059424 710.969581
Util 0.018135 720.000000
Util 0.000000 730.000000
Util 0.000000 740.000000
Util 0.000000 750.000000
Util 0.000000 760.000000
Util 0.000000 770.000000
Util 0.000000 780.000000
Util 0.000000 790.000000
Util 0.000000 800.000000
Util 0.000000 810.000000
Util 0.000000 820.000000
Util 0.000000 830.000000
Util 0.000000 840.000000
Util 0.000000 850.000000
Util 0.000000 860.000000
Util 0.000000 870.000000
Util 0.000000 880.000000
Util 0.000000 890.000000
Util 0.000000 900.000000
Util 0.000000 910.000000
Util 0.000000 920.000000
Util 0.000000 930.000000
Util 0.000000 940.000000
Util 0.000000 950.000000
Util 0.000000 960.000000
Util 0.000000 970.000000
Util 0.000000 980.000000
Util 0.000000 990.000000
Util 0.000000 1000.000000
Util 0.000000 1010.000000
Util 0.000000 1020.000000
Util 0.000000 1030.000000
Util 0.000000 1040.000000
Util 0.000000 1050.000000
Util 0.000000 1060.000000
Util 0.000000 1070.000000
Util 0.000000 1080.000000
Util 0.000000 1090.000000
Util 0.000000 1100.000000
Util 0.000000 1110.000000
Util 0.000000 1120.000000
Util 0.000000 1130.000000
Util 0.000000 1140.000000
Util 0.000000 1150.000000
Util 0.000000 1160.000000
Util 0.000000 1170.000000
Util 0.000000 1180.000000
Util 0.000000 1190.000000
Util 0.000000 1200.000000
Util 0.000000 1210.000000
Util 0.000000 1220.000000
Util 0.000000 1230.000000
Util 0.000000 1240.000000
Util 0.000000 1250.000000
Util 0.000000 1260.000000
Util 0.000000 1270.000000
Util 0.000000 1280.000000
Util 0.000000 1290.000000
Util 0.000000 1300.000000
Util 0.000000 1310.000000
Util 0.000000 1320.000000
Util 0.000000 1330.000000
Util 0.000000 1340.000000
Util 0.000000 1350.000000
Util 0.000000 1360.000000
Util 0.000000 1370.000000
Util 0.000000 1380.000000
Util 0.000000 1390.000000
Util 0.000000 1400.000000
Util 0.000000 1410.000000
Util 0.000000 1420.000000
Util 0.000000 1430.000000
Util 0.000000 1440.000000
Util 0.000000 1450.000000
Util 0.000000 1460.000000
Util 0.000000 1470.000000
Util 0.000000 1480.000000
Util 0.000000 1490.000000
Util 0.000000 1500.000000
Util 0.000000 1510.000000
Util 0.000000 1520.000000
Util 0.000000 1530.000000
Util 0.000000 1540.000000
Util 0.000000 1550.000000
Util 0.000000 1560.000000
Util 0.000000 1570.000000
Util 0.000000 1580.000000
Util 0.000000 1590.000000
Util 0.000000 1600.000000
Util 0.000000 1610.000000
Util 0.000000 1620.000000
Util 0.000000 1630.000000
Util 0.000000 1640.000000
Util 0.000000 1650.000000
Util 0.000000 1660.000000
Util 0.000000 1670.000000
Util 0.000000 1680.000000
Util 0.000000 1690.000000
Util 0.000000 1700.000000
Util 0.000000 1710.000000
Util 0.000000 1720.000000
Util 0.000000 1730.000000
Util 0.000000 1740.000000
Util 0.000000 1750.000000
Util 0.000000 1760.000000
Util 0.000000 1770.000000
Util 0.000000 1780.000000
Util 0.000000 1790.000000
Util 0.000000 1800.000000
Util 0.000000 1810.000000
Util 0.000000 1820.000000
Util 0.000000 1830.000000
Util 0.000000 1840.000000
Util 0.000000 1850.000000
Util 0.000000 1860.000000
Util 0.000000 1870.000000
Util 0.000000 1880.000000
Util 0.000000 1890.000000
Util 0.000000 1900.000000
Util 0.000000 1910.000000
Util 0.000000 1920.000000
Util 0.000000 1930.000000
Util 0.000000 1940.000000
Util 0.000000 1950.000000
Util 0.000000 1960.000000
Util 0.000000 1970.000000
Util 0.000000 1980.000000
Util 0.000000 1990.000000
Util 0.000000 2000.000000
Util 0.000000 2010.000000
Util 0.000000 2020.000000
Util 0.000000 2030.000000
Util 0.000000 2040.000000
Util 0.000000 2050.000000
Util 0.000000 2060.000000
Util 0.000000 2070.000000
Util 0.000000 2080.000000
Util 0.000000 2090.000000
Util 0.000000 2100.000000
Util 0.000000 2110.000000
Util 0.000000 2120.000000
Util 0.000000 2130.000000
Util 0.000000 2140.000000
Util 0.000000 2150.000000
Util 0.000000 2160.000000
Util 0.000000 2170.000000
Util 0.000000 2180.000000
Util 0.000000 2190.000000
Util 0.000000 2200.000000
Util 0.000000 2210.000000
Util 0.000000 2220.000000
Util 0.000000 2230.000000
Util 0.000000 2240.000000
Util 0.000000 2250.000000
Util 0.000000 2260.000000
Util 0.000000 2270.000000
Util 0.000000 2280.000000
Util 0.000000 2290.000000
Util 0.000000 2300.000000
Util 0.000000 2310.000000
Util 0.000000 2320.000000
Util 0.000000 2330.000000
Util 0.000000 2340.000000
Util 0.000000 2350.000000
Util 0.000000 2360.000000
Util 0.000000 2370.000000
Util 0.000000 2380.000000
Util 0.000000 2390.000000
Util 0.000000 2400.000000
Util 0.000000 2410.000000
Util 0.000000 2420.000000
Util 0.000000 2430.000000
Util 0.000000 2440.000000
Util 0.000000 2450.000000
Util 0.000000 2460.000000
Util 0.000000 2470.000000
Util 0.000000 2480.000000
Util 0.000000 2490.000000
Util 0.000000 2500.000000
Util 0.000000 2510.000000
Util 0.000000 2520.000000
Util 0.000000 2530.000000
Util 0.000000 2540.000000
Util 0.000000 2550.000000
Util 0.000000 2560.000000
Util 0.000000 2570.000000
Util 0.000000 2580.000000
Util 0.000000 2590.000000
Util 0.000000 2600.000000
Util 0.000000 2610.000000
Util 0.000000 2620.000000
Util 0.000000 2630.000000
Util 0.000000 2640.000000
Util 0.000000 2650.000000
Util 0.000000 2660.000000
Util 0.000000 2670.000000
Util 0.000000 2680.000000
Util 0.000000 2690.000000
Util 0.000000 2700.000000
Util 0.000000 2710.000000
Util 0.000000 2720.000000
Util 0.000000 2730.000000
Util 0.000000 2740.000000
Util 0.000000 2750.000000
Util 0.000000 2760.000000
Util 0.000000 2770.000000
Util 0.000000 2780.000000
Util 0.000000 2790.000000
Util 0.000000 2800.000000
Util 0.000000 2810.000000
Util 0.000000 2820.000000
Util 0.000000 2830.000000
Util 0.000000 2840.000000
Util 0.000000 2850.000000
Util 0.000000 2860.000000
Util 0.000000 2870.000000
Util 0.000000 2880.000000
Util 0.000000 2890.000000
Util 0.000000 2900.000000
Util 0.000000 2910.000000
Util 0.000000 2920.000000
Util 0.000000 2930.000000
Util 0.000000 2940.000000
Util 0.000000 2950.000000
Util 0.000000 2960.000000
Util 0.000000 2970.000000
Util 0.000000 2980.000000
Util 0.000000 2990.000000
Util 0.000000 3000.000000
Util 0.000000 3010.000000
Util 0.000000 3020.000000
Util 0.000000 3030.000000
Util 0.000000 3040.000000
Util 0.000000 3050.000000
Util 0.000000 3060.000000
Util 0.000000 3070.000000
Util 0.000000 3080.000000
Util 0.000000 3090.000000
Util 0.000000 3100.000000
Util 0.000000 3110.000000
Util 0.000000 3120.000000
Util 0.000000 3130.000000
Util 0.000000 3140.000000
Util 0.000000 3150.000000
Util 0.000000 3160.000000
Util 0.000000 3170.000000
Util 0.000000 3180.000000
Util 0.000000 3190.000000
Util 0.000000 3200.000000
Util 0.000000 3210.000000
Util 0.000000 3220.000000
Util 0.000000 3230.000000
Util 0.000000 3240.000000
Util 0.000000 3250.000000
Util 0.000000 3260.000000
Util 0.000000 3270.000000
Util 0.000000 3280.000000
Util 0.000000 3290.000000
Util 0.000000 3300.000000
Util 0.000000 3310.000000
Util 0.000000 3320.000000
Util 0.000000 3330.000000
Util 0.000000 3340.000000
Util 0.000000 3350.000000
Util 0.000000 3360.000000
Util 0.000000 3370.000000
Util 0.000000 3380.000000
Util 0.000000 3390.000000
Util 0.000000 3400.000000
Util 0.000000 3410.000000
Util 0.000000 3420.000000
Util 0.000000 3430.000000
Util 0.000000 3440.000000
Util 0.000000 3450.000000
Util 0.000000 3460.000000
Util 0.000000 3470.000000
Util 0.000000 3480.000000
Util 0.000000 3490.000000
Util 0.000000 3500.000000
Util 0.000000 3510.000000
Util 0.000000 3520.000000
Util 0.000000 3530.000000
Util 0.000000 3540.000000
Util 0.000000 3550.000000
Util 0.000000 3560.000000
Util 0.000000 3570.000000
Util 0.000000 3580.000000
Util 0.000000 3590.000000
Util 0.000000 3600.000000
Util 0.000000 3610.000000
Util 0.000000 3620.000000
Util 0.000000 3630.000000
Util 0.000000 3640.000000
Util 0.000000 3650.000000
Util 0.000000 3660.000000
Util 0.000000 3670.000000
Util 0.000000 3680.000000
Util 0.000000 3690.000000
Util 0.000000 3700.000000
Util 0.000000 3710.000000
Util 0.000000 3720.000000
Util 0.000000 3730.000000
Util 0.000000 3740.000000
Util 0.000000 3750.000000
Util 0.000000 3760.000000
Util 0.000000 3770.000000
Util 0.000000 3780.000000
Util 0.000000 3790.000000
Util 0.000000 3800.000000
Util 0.000000 3810.000000
Util 0.000000 3820.000000
Util 0.000000 3830.000000
Util 0.000000 3840.000000
Util 0.000000 3850.000000
Util 0.000000 3860.000000
Util 0.000000 3870.000000
Util 0.000000 3880.000000
Util 0.000000 3890.000000
Util 0.000000 3900.000000
Util 0.000000 3910.000000
Util 0.000000 3920.000000
Util 0.000000 3930.000000
Util 0.000000 3940.000000
Util 0.000000 3950.000000
Util 0.000000 3960.000000
Util 0.000000 3970.000000
Util 0.000000 3980.000000
Util 0.000000 3990.000000
Util 0.000000 4000.000000
Util 0.000000 4010.000000
Util 0.000000 4020.000000
Util 0.000000 4030.000000
Util 0.000000 4040.000000
Util 0.000000 4050.000000
Util 0.000000 4060.000000
Util 0.000000 4070.000000
Util 0.000000 4080.000000
Util 0.000000 4090.000000
Util 0.000000 4100.000000
Util 0.000000 4110.000000
Util 0.000000 4120.000000
Util 0.000000 4130.000000
Util 0.000000 4140.000000
Util 0.000000 4150.000000
Util 0.000000 4160.000000
Util 0.000000 4170.000000
Util 0.000000 4180.000000
Util 0.000000 4190.000000
Util 0.000000 4200.000000
Util 0.000000 4210.000000
Util 0.000000 4220.000000
Util 0.000000 4230.000000
Util 0.000000 4240.000000
Util 0.000000 4250.000000
Util 0.000000 4260.000000
Util 0.000000 4270.000000
Util 0.000000 4280.000000
Util 0.000000 4290.000000
Util 0.000000 4300.000000
Util 0.000000 4310.000000
Util 0.000000 4320.000000
Util 0.000000 4330.000000
Util 0.000000 4340.000000
Util 0.000000 4350.000000
Util 0.000000 4360.000000
Util 0.000000 4370.000000
Util 0.000000 4380.000000
Util 0.000000 4390.000000
Util 0.000000 4400.000000
Util 0.000000 4410.000000
Util 0.000000 4420.000000
Util 0.000000 4430.000000
Util 0.000000 4440.000000
Util 0.000000 4450.000000
Util 0.000000 4460.000000
Util 0.000000 4470.000000
Util 0.000000 4480.000000
Util 0.000000 4490.000000
Util 0.000000 4500.000000
Util 0.000000 4510.000000
Util 0.000000 4520.000000
Util 0.000000 4530.000000
Util 0.000000 4540.000000
Util 0.000000 4550.000000
Util 0.000000 4560.000000
Util 0.000000 4570.000000
Util 0.000000 4580.000000
Util 0.000000 4590.000000
Util 0.000000 4600.000000
Util 0.000000 4610.000000
Util 0.000000 4620.000000
Util 0.000000 4630.000000
Util 0.000000 4640.000000
Util 0.000000 4650.000000
Util 0.000000 4660.000000
Util 0.000000 4670.000000
Util 0.000000 4680.000000
Util 0.000000 4690.000000
Util 0.000000 4700.000000
Util 0.000000 4710.000000
Util 0.000000 4720.000000
Util 0.000000 4730.000000
Util 0.000000 4740.000000
Util 0.000000 4750.000000
Util 0.000000 4760.000000
Util 0.000000 4770.000000
Util 0.000000 4780.000000
Util 0.000000 4790.000000
Util 0.000000 4800.000000
Util 0.000000 4810.000000
Util 0.000000 4820.000000
Util 0.000000 4830.000000
Util 0.000000 4840.000000
Util 0.000000 4850.000000
Util 0.000000 4860.000000
Util 0.000000 4870.000000
Util 0.000000 4880.000000
Util 0.000000 4890.000000
Util 0.000000 4900.000000
Util 0.000000 4910.000000
Util 0.000000 4920.000000
Util 0.000000 4930.000000
Util 0.000000 4940.000000
Util 0.000000 4950.000000
Util 0.000000 4960.000000
Util 0.000000 4970.000000
Util 0.000000 4980.000000
Util 0.000000 4990.000000
Util 0.000000 5000.000000
Util 0.000000 5010.000000
Util 0.000000 5020.000000
Util 0.000000 5030.000000
Util 0.000000 5040.000000
Util 0.000000 5050.000000
Util 0.000000 5060.000000
Util 0.000000 5070.000000
Util 0.000000 5080.000000
Util 0.000000 5090.000000
Util 0.000000 5100.000000
Util 0.000000 5110.000000
Util 0.000000 5120.000000
Util 0.000000 5130.000000
Util 0.000000 5140.000000
Util 0.000000 5150.000000
Util 0.000000 5160.000000
Util 0.000000 5170.000000
Util 0.000000 5180.000000
Util 0.000000 5190.000000
Util 0.000000 5200.000000
Util 0.000000 5210.000000
Util 0.000000 5220.000000
Util 0.000000 5230.000000
Util 0.000000 5240.000000
Util 0.000000 5250.000000
Util 0.000000 5260.000000
Util 0.000000 5270.000000
Util 0.000000 5280.000000
Util 0.000000 5290.000000
Util 0.000000 5300.000000
Util 0.000000 5310.000000
Util 0.000000 5320.000000
Util 0.000000 5330.000000
Util 0.000000 5340.000000
Util 0.000000 5350.000000
Util 0.000000 5360.000000
Util 0.000000 5370.000000
Util 0.000000 5380.000000
Util 0.000000 5390.000000
Util 0.000000 5400.000000
Util 0.000000 5410.000000
Util 0.000000 5420.000000
Util 0.000000 5430.000000
Util 0.000000 5440.000000
Util 0.000000 5450.000000
Util 0.000000 5460.000000
Util 0.000000 5470.000000
Util 0.000000 5480.000000
Util 0.000000 5490.000000
Util 0.000000 5500.000000
Util 0.000000 5510.000000
Util 0.000000 5520.000000
Util 0.000000 5530.000000
Util 0.000000 5540.000000
Util 0.000000 5550.000000
Util 0.000000 5560.000000
Util 0.000000 5570.000000
Util 0.000000 5580.000000
Util 0.000000 5590.000000
Util 0.000000 5600.000000
Util 0.000000 5610.000000
Util 0.000000 5620.000000
Util 0.000000 5630.000000
Util 0.000000 5640.000000
Util 0.000000 5650.000000
Util 0.000000 5660.000000
Util 0.000000 5670.000000
Util 0.000000 5680.000000
Util 0.000000 5690.000000
Util 0.000000 5700.000000
Util 0.000000 5710.000000
Util 0.000000 5720.000000
Util 0.000000 5730.000000
Util 0.000000 5740.000000
Util 0.000000 5750.000000
Util 0.000000 5760.000000
Util 0.000000 5770.000000
Util 0.000000 5780.000000
Util 0.000000 5790.000000
Util 0.000000 5800.000000
Util 0.000000 5810.000000
Util 0.000000 5820.000000
Util 0.000000 5830.000000
Util 0.000000 5840.000000
Util 0.000000 5850.000000
Util 0.000000 5860.000000
Util 0.000000 5870.000000
Util 0.000000 5880.000000
Util 0.000000 5890.000000
Util 0.000000 5900.000000
Util 0.000000 5910.000000
Util 0.000000 5920.000000
Util 0.000000 5930.000000
Util 0.000000 5940.000000
Util 0.000000 5950.000000
Util 0.000000 5960.000000
Util 0.000000 5970.000000
Util 0.000000 5980.000000
Util 0.000000 5990.000000
Util 0.000000 6000.000000
Util 0.000000 6010.000000
Util 0.000000 6020.000000
Util 0.000000 6030.000000
Util 0.000000 6040.000000
Util 0.000000 6050.000000
Util 0.000000 6060.000000
Util 0.000000 6070.000000
Util 0.000000 6080.000000
Util 0.000000 6090.000000
Util 0.000000 6100.000000
Util 0.000000 6110.000000
Util 0.000000 6120.000000
Util 0.000000 6130.000000
Util 0.000000 6140.000000
Util 0.000000 6150.000000
Util 0.000000 6160.000000
Util 0.000000 6170.000000
Util 0.000000 6180.000000
Util 0.000000 6190.000000
Util 0.000000 6200.000000
Util 0.000000 6210.000000
Util 0.000000 6220.000000
Util 0.000000 6230.000000
Util 0.000000 6240.000000
Util 0.000000 6250.000000
Util 0.000000 6260.000000
Util 0.000000 6270.000000
Util 0.000000 6280.000000
Util 0.000000 6290.000000
Util 0.000000 6300.000000
Util 0.000000 6310.000000
Util 0.000000 6320.000000
Util 0.000000 6330.000000
Util 0.000000 6340.000000
Util 0.000000 6350.000000
Util 0.000000 6360.000000
Util 0.000000 6370.000000
Util 0.000000 6380.000000
Util 0.000000 6390.000000
Util 0.000000 6400.000000
Util 0.000000 6410.000000
Util 0.000000 6420.000000
Util 0.000000 6430.000000
Util 0.000000 6440.000000
Util 0.000000 6450.000000
Util 0.000000 6460.000000
Util 0.000000 6470.000000
Util 0.000000 6480.000000
Util 0.000000 6490.000000
Util 0.000000 6500.000000
Util 0.000000 6510.000000
Util 0.000000 6520.000000
Util 0.000000 6530.000000
Util 0.000000 6540.000000
Util 0.000000 6550.000000
Util 0.000000 6560.000000
Util 0.000000 6570.000000
Util 0.000000 6580.000000
Util 0.000000 6590.000000
Util 0.000000 6600.000000
Util 0.000000 6610.000000
Util 0.000000 6620.000000
Util 0.000000 6630.000000
Util 0.000000 6640.000000
Util 0.000000 6650.000000
Util 0.000000 6660.000000
Util 0.000000 6670.000000
Util 0.000000 6680.000000
Util 0.000000 6690.000000
Util 0.000000 6700.000000
Util 0.000000 6710.000000
Util 0.000000 6720.000000
Util 0.000000 6730.000000
Util 0.000000 6740.000000
Util 0.000000 6750.000000
Util 0.000000 6760.000000
Util 0.000000 6770.000000
Util 0.000000 6780.000000
Util 0.000000 6790.000000
Util 0.000000 6800.000000
Util 0.000000 6810.000000
Util 0.000000 6820.000000
Util 0.000000 6830.000000
Util 0.000000 6840.000000
Util 0.000000 6850.000000
Util 0.000000 6860.000000
Util 0.000000 6870.000000
Util 0.000000 6880.000000
Util 0.000000 6890.000000
Util 0.000000 6900.000000
Util 0.000000 6910.000000
Util 0.000000 6920.000000
Util 0.000000 6930.000000
Util 0.000000 6940.000000
Util 0.000000 6950.000000
Util 0.000000 6960.000000
Util 0.000000 6970.000000
Util 0.000000 6980.000000
Util 0.000000 6990.000000
Util 0.000000 7000.000000
Util 0.000000 7010.000000
Util 0.000000 7020.000000
Util 0.000000 7030.000000
Util 0.000000 7040.000000
Util 0.000000 7050.000000
Util 0.000000 7060.000000
Util 0.000000 7070.000000
Util 0.000000 7080.000000
Util 0.000000 7090.000000
Util 0.000000 7100.000000
Util 0.000000 7110.000000
Util 0.000000 7120.000000
Util 0.000000 7130.000000
Util 0.000000 7140.000000
Util 0.000000 7150.000000
Util 0.000000 7160.000000
Util 0.000000 7170.000000
Util 0.000000 7180.000000
Util 0.000000 7190.000000
Util 0.000000 7200.000000
Util 0.000000 7210.000000
Util 0.000000 7220.000000
Util 0.000000 7230.000000
Util 0.000000 7240.000000
Util 0.000000 7250.000000
Util 0.000000 7260.000000
Util 0.000000 7270.000000
Util 0.000000 7280.000000
Util 0.000000 7290.000000
Util 0.000000 7300.000000
Util 0.000000 7310.000000
Util 0.000000 7320.000000
Util 0.000000 7330.000000
Util 0.000000 7340.000000
Util 0.000000 7350.000000
Util 0.000000 7360.000000
Util 0.000000 7370.000000
Util 0.000000 7380.000000
Util 0.000000 7390.000000
Util 0.000000 7400.000000
Util 0.000000 7410.000000
Util 0.000000 7420.000000
Util 0.000000 7430.000000
Util 0.000000 7440.000000
Util 0.000000 7450.000000
Util 0.000000 7460.000000
Util 0.000000 7470.000000
Util 0.000000 7480.000000
Util 0.000000 7490.000000
Util 0.000000 7500.000000
Util 0.000000 7510.000000
Util 0.000000 7520.000000
Util 0.000000 7530.000000
Util 0.000000 7540.000000
Util 0.000000 7550.000000
Util 0.000000 7560.000000
Util 0.000000 7570.000000
Util 0.000000 7580.000000
Util 0.000000 7590.000000
Util 0.000000 7600.000000
Util 0.000000 7610.000000
Util 0.000000 7620.000000
Util 0.000000 7630.000000
Util 0.000000 7640.000000
Util 0.000000 7650.000000
Util 0.000000 7660.000000
Util 0.000000 7670.000000
Util 0.000000 7680.000000
Util 0.000000 7690.000000
Util 0.000000 7700.000000
Util 0.000000 7710.000000
Util 0.000000 7720.000000
Util 0.000000 7730.000000
Util 0.000000 7740.000000
Util 0.000000 7750.000000
Util 0.000000 7760.000000
Util 0.000000 7770.000000
Util 0.000000 7780.000000
Util 0.000000 7790.000000
Util 0.000000 7800.000000
Util 0.000000 7810.000000
Util 0.000000 7820.000000
Util 0.000000 7830.000000
Util 0.000000 7840.000000
Util 0.000000 7850.000000
Util 0.000000 7860.000000
Util 0.000000 7870.000000
Util 0.000000 7880.000000
Util 0.000000 7890.000000
Util 0.000000 7900.000000
Util 0.000000 7910.000000
Util 0.000000 7920.000000
Util 0.000000 7930.000000
Util 0.000000 7940.000000
Util 0.000000 7950.000000
Util 0.000000 7960.000000
Util 0.000000 7970.000000
Util 0.000000 7980.000000
Util 0.000000 7990.000000
Util 0.000000 8000.000000
Util 0.000000 8010.000000
Util 0.000000 8020.000000
Util 0.000000 8030.000000
Util 0.000000 8040.000000
Util 0.000000 8050.000000
Util 0.000000 8060.000000
Util 0.000000 8070.000000
Util 0.000000 8080.000000
Util 0.000000 8090.000000
Util 0.000000 8100.000000
Util 0.000000 8110.000000
Util 0.000000 8120.000000
Util 0.000000 8130.000000
Util 0.000000 8140.000000
Util 0.000000 8150.000000
Util 0.000000 8160.000000
Util 0.000000 8170.000000
Util 0.000000 8180.000000
Util 0.000000 8190.000000
Util 0.000000 8200.000000
Util 0.000000 8210.000000
Util 0.000000 8220.000000
Util 0.000000 8230.000000
Util 0.000000 8240.000000
Util 0.000000 8250.000000
Util 0.000000 8260.000000
Util 0.000000 8270.000000
Util 0.000000 8280.000000
Util 0.000000 8290.000000
Util 0.000000 8300.000000
Util 0.000000 8310.000000
Util 0.000000 8320.000000
Util 0.000000 8330.000000
Util 0.000000 8340.000000
Util 0.000000 8350.000000
Util 0.000000 8360.000000
Util 0.000000 8370.000000
Util 0.000000 8380.000000
Util 0.000000 8390.000000
Util 0.000000 8400.000000
Util 0.000000 8410.000000
Util 0.000000 8420.000000
Util 0.000000 8430.000000
Util 0.000000 8440.000000
Util 0.000000 8450.000000
Util 0.000000 8460.000000
Util 0.000000 8470.000000
Util 0.000000 8480.000000
Util 0.000000 8490.000000
Util 0.000000 8500.000000
Util 0.000000 8510.000000
Util 0.000000 8520.000000
Util 0.000000 8530.000000
Util 0.000000 8540.000000
Util 0.000000 8550.000000
Util 0.000000 8560.000000
Util 0.000000 8570.000000
Util 0.000000 8580.000000
Util 0.000000 8590.000000
Util 0.000000 8600.000000
Util 0.000000 8610.000000
Util 0.000000 8620.000000
Util 0.000000 8630.000000
Util 0.000000 8640.000000
Util 0.000000 8650.000000
Util 0.000000 8660.000000
Util 0.000000 8670.000000
Util 0.000000 8680.000000
Util 0.000000 8690.000000
Util 0.000000 8700.000000
Util 0.000000 8710.000000
Util 0.000000 8720.000000
Util 0.000000 8730.000000
Util 0.000000 8740.000000
Util 0.000000 8750.000000
Util 0.000000 8760.000000
Util 0.000000 8770.000000
Util 0.000000 8780.000000
Util 0.000000 8790.000000
Util 0.000000 8800.000000
Util 0.000000 8810.000000
Util 0.000000 8820.000000
Util 0.000000 8830.000000
Util 0.000000 8840.000000
Util 0.000000 8850.000000
Util 0.000000 8860.000000
Util 0.000000 8870.000000
Util 0.000000 8880.000000
Util 0.000000 8890.000000
Util 0.000000 8900.000000
Util 0.000000 8910.000000
Util 0.000000 8920.000000
Util 0.000000 8930.000000
Util 0.000000 8940.000000
Util 0.000000 8950.000000
Util 0.000000 8960.000000
Util 0.000000 8970.000000
Util 0.000000 8980.000000
Util 0.000000 8990.000000
Util 0.000000 9000.000000
Util 0.000000 9010.000000
Util 0.000000 9020.000000
Util 0.000000 9030.000000
Util 0.000000 9040.000000
Util 0.000000 9050.000000
Util 0.000000 9060.000000
Util 0.000000 9070.000000
Util 0.000000 9080.000000
Util 0.000000 9090.000000
Util 0.000000 9100.000000
Util 0.000000 9110.000000
Util 0.000000 9120.000000
Util 0.000000 9130.000000
Util 0.000000 9140.000000
Util 0.000000 9150.000000
Util 0.000000 9160.000000
Util 0.000000 9170.000000
Util 0.000000 9180.000000
Util 0.000000 9190.000000
Util 0.000000 9200.000000
Util 0.000000 9210.000000
Util 0.000000 9220.000000
Util 0.000000 9230.000000
Util 0.000000 9240.000000
Util 0.000000 9250.000000
Util 0.000000 9260.000000
Util 0.000000 9270.000000
Util 0.000000 9280.000000
Util 0.000000 9290.000000
Util 0.000000 9300.000000
Util 0.000000 9310.000000
Util 0.000000 9320.000000
Util 0.000000 9330.000000
Util 0.000000 9340.000000
Util 0.000000 9350.000000
Util 0.000000 9360.000000
Util 0.000000 9370.000000
Util 0.000000 9380.000000
Util 0.000000 9390.000000
Util 0.000000 9400.000000
Util 0.000000 9410.000000
Util 0.000000 9420.000000
Util 0.000000 9430.000000
Util 0.000000 9440.000000
Util 0.000000 9450.000000
Util 0.000000 9460.000000
Util 0.000000 9470.000000
Util 0.000000 9480.000000
Util 0.000000 9490.000000
Util 0.000000 9500.000000
Util 0.000000 9510.000000
Util 0.000000 9520.000000
Util 0.000000 9530.000000
Util 0.000000 9540.000000
Util 0.000000 9550.000000
Util 0.000000 9560.000000
Util 0.000000 9570.000000
Util 0.000000 9580.000000
Util 0.000000 9590.000000
Util 0.000000 9600.000000
Util 0.000000 9610.000000
Util 0.000000 9620.000000
Util 0.000000 9630.000000
Util 0.000000 9640.000000
Util 0.000000 9650.000000
Util 0.000000 9660.000000
Util 0.000000 9670.000000
Util 0.000000 9680.000000
Util 0.000000 9690.000000
Util 0.000000 9700.000000
Util 0.000000 9710.000000
Util 0.000000 9720.000000
Util 0.000000 9730.000000
Util 0.000000 9740.000000
Util 0.000000 9750.000000
Util 0.000000 9760.000000
Util 0.000000 9770.000000
Util 0.000000 9780.000000
Util 0.000000 9790.000000
Util 0.000000 9800.000000
Util 0.000000 9810.000000
Util 0.000000 9820.000000
Util 0.000000 9830.000000
Util 0.000000 9840.000000
Util 0.000000 9850.000000
Util 0.000000 9860.000000
Util 0.000000 9870.000000
Util 0.000000 9880.000000
Util 0.000000 9890.000000
Util 0.000000 9900.000000
Util 0.000000 9910.000000
Util 0.000000 9920.000000
Util 0.000000 9930.000000
Util 0.000000 9940.000000
Util 0.000000 9950.000000
Util 0.000000 9960.000000
Util 0.000000 9970.000000
Util 0.000000 9980.000000
Util 0.000000 9990.000000
Util 0.000000 10000.000000
Util 0.000000 10010.000000
Util 0.000000 10020.000000
Util 0.000000 10030.000000
Util 0.000000 10040.000000
Util 0.000000 10050.000000
Util 0.000000 10060.000000
Util 0.000000 10070.000000
Util 0.000000 10080.000000
Util 0.000000 10090.000000
Util 0.000000 10100.000000
Util 0.000000 10110.000000
Util 0.000000 10120.000000
Util 0.000000 10130.000000
Util 0.000000 10140.000000
Util 0.000000 10150.000000
Util 0.000000 10160.000000
Util 0.000000 10170.000000
Util 0.000000 10180.000000
Util 0.000000 10190.000000
Util 0.000000 10200.000000
Util 0.000000 10210.000000
Util 0.000000 10220.000000
Util 0.000000 10230.000000
Util 0.000000 10240.000000
Util 0.000000 10250.000000
Util 0.000000 10260.000000
Util 0.000000 10270.000000
Util 0.000000 10280.000000
Util 0.000000 10290.000000
Util 0.000000 10300.000000
Util 0.000000 10310.000000
Util 0.000000 10320.000000
Util 0.000000 10330.000000
Util 0.000000 10340.000000
Util 0.000000 10350.000000
Util 0.000000 10360.000000
Util 0.000000 10370.000000
Util 0.000000 10380.000000
Util 0.000000 10390.000000
Util 0.000000 10400.000000
Util 0.000000 10410.000000
Util 0.000000 10420.000000
Util 0.000000 10430.000000
Util 0.000000 10440.000000
Util 0.000000 10450.000000
Util 0.000000 10460.000000
Util 0.000000 10470.000000
Util 0.000000 10480.000000
Util 0.000000 10490.000000
Util 0.000000 10500.000000
Util 0.000000 10510.000000
Util 0.000000 10520.000000
Util 0.000000 10530.000000
Util 0.000000 10540.000000
Util 0.000000 10550.000000
Util 0.000000 10560.000000
Util 0.000000 10570.000000
Util 0.000000 10580.000000
Util 0.000000 10590.000000
Util 0.000000 10600.000000
Util 0.000000 10610.000000
Util 0.000000 10620.000000
Util 0.000000 10630.000000
Util 0.000000 10640.000000
Util 0.000000 10650.000000
Util 0.000000 10660.000000
Util 0.000000 10670.000000
Util 0.000000 10680.000000
Util 0.000000 10690.000000
Util 0.000000 10700.000000
Util 0.000000 10710.000000
Util 0.000000 10720.000000
Util 0.000000 10730.000000
Util 0.000000 10740.000000
Util 0.000000 10750.000000
Util 0.000000 10760.000000
Util 0.000000 10770.000000
Util 0.000000 10780.000000
Util 0.000000 10790.000000
Util 0.000000 10800.000000
Util 0.000000 10810.000000
Util 0.000000 10820.000000
Util 0.000000 10830.000000
Util 0.000000 10840.000000
Util 0.000000 10850.000000
Util 0.000000 10860.000000
Util 0.000000 10870.000000
Util 0.000000 10880.000000
Util 0.000000 10890.000000
Util 0.000000 10900.000000
Util 0.000000 10910.000000
Util 0.000000 10920.000000
Util 0.000000 10930.000000
Util 0.000000 10940.000000
Util 0.000000 10950.000000
Util 0.000000 10960.000000
Util 0.000000 10970.000000
Util 0.000000 10980.000000
Util 0.000000 10990.000000
Util 0.000000 11000.000000
Util 0.000000 11010.000000
Util 0.000000 11020.000000
Util 0.000000 11030.000000
Util 0.000000 11040.000000
Util 0.000000 11050.000000
Util 0.000000 11060.000000
Util 0.000000 11070.000000
Util 0.000000 11080.000000
Util 0.000000 11090.000000
Util 0.000000 11100.000000
Util 0.000000 11110.000000
Util 0.000000 11120.000000
Util 0.000000 11130.000000
Util 0.000000 11140.000000
Util 0.000000 11150.000000
Util 0.000000 11160.000000
Util 0.000000 11170.000000
Util 0.000000 11180.000000
Util 0.000000 11190.000000
Util 0.000000 11200.000000
Util 0.000000 11210.000000
Util 0.000000 11220.000000
Util 0.000000 11230.000000
Util 0.000000 11240.000000
Util 0.000000 11250.000000
Util 0.000000 11260.000000
Util 0.000000 11270.000000
Util 0.000000 11280.000000
Util 0.000000 11290.000000
Util 0.000000 11300.000000
Util 0.000000 11310.000000
Util 0.000000 11320.000000
Util 0.000000 11330.000000
Util 0.000000 11340.000000
Util 0.000000 11350.000000
Util 0.000000 11360.000000
Util 0.000000 11370.000000
Util 0.000000 11380.000000
Util 0.000000 11390.000000
Util 0.000000 11400.000000
Util 0.000000 11410.000000
Util 0.000000 11420.000000
Util 0.000000 11430.000000
Util 0.000000 11440.000000
Util 0.000000 11450.000000
Util 0.000000 11460.000000
Util 0.000000 11470.000000
Util 0.000000 11480.000000
Util 0.000000 11490.000000
Util 0.000000 11500.000000
Util 0.000000 11510.000000
Util 0.000000 11520.000000
Util 0.000000 11530.000000
Util 0.000000 11540.000000
Util 0.000000 11550.000000
Util 0.000000 11560.000000
Util 0.000000 11570.000000
Util 0.000000 11580.000000
Util 0.000000 11590.000000
Util 0.000000 11600.000000
Util 0.000000 11610.000000
Util 0.000000 11620.000000
Util 0.000000 11630.000000
Util 0.000000 11640.000000
Util 0.000000 11650.000000
Util 0.000000 11660.000000
Util 0.000000 11670.000000
Util 0.000000 11680.000000
Util 0.000000 11690.000000
Util 0.000000 11700.000000
Util 0.000000 11710.000000
Util 0.000000 11720.000000
Util 0.000000 11730.000000
Util 0.000000 11740.000000
Util 0.000000 11750.000000
Util 0.000000 11760.000000
Util 0.000000 11770.000000
Util 0.000000 11780.000000
Util 0.000000 11790.000000
Util 0.000000 11800.000000
Util 0.000000 11810.000000
Util 0.000000 11820.000000
Util 0.000000 11830.000000
Util 0.000000 11840.000000
Util 0.000000 11850.000000
Util 0.000000 11860.000000
Util 0.000000 11870.000000
Util 0.000000 11880.000000
Util 0.000000 11890.000000
Util 0.000000 11900.000000
Util 0.000000 11910.000000
Util 0.000000 11920.000000
Util 0.000000 11930.000000
Util 0.000000 11940.000000
Util 0.000000 11950.000000
Util 0.000000 11960.000000
Util 0.000000 11970.000000
Util 0.000000 11980.000000
Util 0.000000 11990.000000
Util 0.000000 12000.000000
Util 0.000000 12010.000000
Util 0.000000 12020.000000
Util 0.000000 12030.000000
Util 0.000000 12040.000000
Util 0.000000 12050.000000
Util 0.000000 12060.000000
Util 0.000000 12070.000000
Util 0.000000 12080.000000
Util 0.000000 12090.000000
Util 0.000000 12100.000000
Util 0.000000 12110.000000
Util 0.000000 12120.000000
Util 0.000000 12130.000000
Util 0.000000 12140.000000
Util 0.000000 12150.000000
Util 0.000000 12160.000000
Util 0.000000 12170.000000
Util 0.000000 12180.000000
Util 0.000000 12190.000000
Util 0.000000 12200.000000
Util 0.000000 12210.000000
Util 0.000000 12220.000000
Util 0.000000 12230.000000
Util 0.000000 12240.000000
Util 0.000000 12250.000000
Util 0.000000 12260.000000
Util 0.000000 12270.000000
Util 0.000000 12280.000000
Util 0.000000 12290.000000
Util 0.000000 12300.000000
Util 0.000000 12310.000000
Util 0.000000 12320.000000
Util 0.000000 12330.000000
Util 0.000000 12340.000000
Util 0.000000 12350.000000
Util 0.000000 12360.000000
Util 0.000000 12370.000000
Util 0.000000 12380.000000
Util 0.000000 12390.000000
Util 0.000000 12400.000000
Util 0.000000 12410.000000
Util 0.000000 12420.000000
Util 0.000000 12430.000000
Util 0.000000 12440.000000
Util 0.000000 12450.000000
Util 0.000000 12460.000000
Util 0.000000 12470.000000
Util 0.000000 12480.000000
Util 0.000000 12490.000000
Util 0.000000 12500.000000
Util 0.000000 12510.000000
Util 0.000000 12520.000000
Util 0.000000 12530.000000
Util 0.000000 12540.000000
Util 0.000000 12550.000000
Util 0.000000 12560.000000
Util 0.000000 12570.000000
Util 0.000000 12580.000000
Util 0.000000 12590.000000
Util 0.000000 12600.000000
Util 0.000000 12610.000000
Util 0.000000 12620.000000
Util 0.000000 12630.000000
Util 0.000000 12640.000000
Util 0.000000 12650.000000
Util 0.000000 12660.000000
Util 0.000000 12670.000000
Util 0.000000 12680.000000
Util 0.000000 12690.000000
Util 0.000000 12700.000000
Util 0.000000 12710.000000
Util 0.000000 12720.000000
Util 0.000000 12730.000000
Util 0.000000 12740.000000
Util 0.000000 12750.000000
Util 0.000000 12760.000000
Util 0.000000 12770.000000
Util 0.000000 12780.000000
Util 0.000000 12790.000000
Util 0.000000 12800.000000
Util 0.000000 12810.000000
Util 0.000000 12820.000000
Util 0.000000 12830.000000
Util 0.000000 12840.000000
Util 0.000000 12850.000000
Util 0.000000 12860.000000
Util 0.000000 12870.000000
Util 0.000000 12880.000000
Util 0.000000 12890.000000
Util 0.000000 12900.000000
Util 0.000000 12910.000000
Util 0.000000 12920.000000
Util 0.000000 12930.000000
Util 0.000000 12940.000000
Util 0.000000 12950.000000
Util 0.000000 12960.000000
Util 0.000000 12970.000000
Util 0.000000 12980.000000
Util 0.000000 12990.000000
Util 0.000000 13000.000000
Util 0.000000 13010.000000
Util 0.000000 13020.000000
Util 0.000000 13030.000000
Util 0.000000 13040.000000
Util 0.000000 13050.000000
Util 0.000000 13060.000000
Util 0.000000 13070.000000
Util 0.000000 13080.000000
Util 0.000000 13090.000000
Util 0.000000 13100.000000
Util 0.000000 13110.000000
Util 0.000000 13120.000000
Util 0.000000 13130.000000
Util 0.000000 13140.000000
Util 0.000000 13150.000000
Util 0.000000 13160.000000
Util 0.000000 13170.000000
Util 0.000000 13180.000000
Util 0.000000 13190.000000
Util 0.000000 13200.000000
Util 0.000000 13210.000000
Util 0.000000 13220.000000
Util 0.000000 13230.000000
Util 0.000000 13240.000000
Util 0.000000 13250.000000
Util 0.000000 13260.000000
Util 0.000000 13270.000000
Util 0.000000 13280.000000
Util 0.000000 13290.000000
Util 0.000000 13300.000000
Util 0.000000 13310.000000
Util 0.000000 13320.000000
Util 0.000000 13330.000000
Util 0.000000 13340.000000
Util 0.000000 13350.000000
Util 0.000000 13360.000000
Util 0.000000 13370.000000
Util 0.000000 13380.000000
Util 0.000000 13390.000000
Util 0.000000 13400.000000
Util 0.000000 13410.000000
Util 0.000000 13420.000000
Util 0.000000 13430.000000
Util 0.000000 13440.000000
Util 0.000000 13450.000000
Util 0.000000 13460.000000
Util 0.000000 13470.000000
Util 0.000000 13480.000000
Util 0.000000 13490.000000
Util 0.000000 13500.000000
Util 0.000000 13510.000000
Util 0.000000 13520.000000
Util 0.000000 13530.000000
Util 0.000000 13540.000000
Util 0.000000 13550.000000
Util 0.000000 13560.000000
Util 0.000000 13570.000000
Util 0.000000 13580.000000
Util 0.000000 13590.000000
Util 0.000000 13600.000000
Util 0.000000 13610.000000
Util 0.000000 13620.000000
Util 0.000000 13630.000000
Util 0.000000 13640.000000
Util 0.000000 13650.000000
Util 0.000000 13660.000000
Util 0.000000 13670.000000
Util 0.000000 13680.000000
Util 0.000000 13690.000000
Util 0.000000 13700.000000
Util 0.000000 13710.000000
Util 0.000000 13720.000000
Util 0.000000 13730.000000
Util 0.000000 13740.000000
Util 0.000000 13750.000000
Util 0.000000 13760.000000
Util 0.000000 13770.000000
Util 0.000000 13780.000000
Util 0.000000 13790.000000
Util 0.000000 13800.000000
Util 0.000000 13810.000000
Util 0.000000 13820.000000
Util 0.000000 13830.000000
Util 0.000000 13840.000000
Util 0.000000 13850.000000
Util 0.000000 13860.000000
Util 0.000000 13870.000000
Util 0.000000 13880.000000
Util 0.000000 13890.000000
Util 0.000000 13900.000000
Util 0.000000 13910.000000
Util 0.000000 13920.000000
Util 0.000000 13930.000000
Util 0.000000 13940.000000
Util 0.000000 13950.000000
Util 0.000000 13960.000000
Util 0.000000 13970.000000
Util 0.000000 13980.000000
Util 0.000000 13990.000000
Util 0.000000 14000.000000
Util 0.000000 14010.000000
Util 0.000000 14020.000000
Util 0.000000 14030.000000
Util 0.000000 14040.000000
Util 0.000000 14050.000000
Util 0.000000 14060.000000
Util 0.000000 14070.000000
Util 0.000000 14080.000000
Util 0.000000 14090.000000
Util 0.000000 14100.000000
Util 0.000000 14110.000000
Util 0.000000 14120.000000
Util 0.000000 14130.000000
Util 0.000000 14140.000000
Util 0.000000 14150.000000
Util 0.000000 14160.000000
Util 0.000000 14170.000000
Util 0.000000 14180.000000
Util 0.000000 14190.000000
Util 0.000000 14200.000000
Util 0.000000 14210.000000
Util 0.000000 14220.000000
Util 0.000000 14230.000000
Util 0.000000 14240.000000
Util 0.000000 14250.000000
Util 0.000000 14260.000000
Util 0.000000 14270.000000
Util 0.000000 14280.000000
Util 0.000000 14290.000000
Util 0.000000 14300.000000
Util 0.000000 14310.000000
Util 0.000000 14320.000000
Util 0.000000 14330.000000
Util 0.000000 14340.000000
Util 0.000000 14350.000000
Util 0.000000 14360.000000
Util 0.000000 14370.000000
Util 0.000000 14380.000000
Util 0.000000 14390.000000
Util 0.000000 14400.000000
Util 0.000000 14410.000000
Util 0.000000 14420.000000
Util 0.000000 14430.000000
Util 0.000000 14440.000000
Util 0.000000 14450.000000
Util 0.000000 14460.000000
Util 0.000000 14470.000000
Util 0.000000 14480.000000
Util 0.000000 14490.000000
Util 0.000000 14500.000000
Util 0.000000 14510.000000
Util 0.000000 14520.000000
Util 0.000000 14530.000000
Util 0.000000 14540.000000
Util 0.000000 14550.000000
Util 0.000000 14560.000000
Util 0.000000 14570.000000
Util 0.000000 14580.000000
Util 0.000000 14590.000000
Util 0.000000 14600.000000
Util 0.000000 14610.000000
Util 0.000000 14620.000000
Util 0.000000 14630.000000
Util 0.000000 14640.000000
Util 0.000000 14650.000000
Util 0.000000 14660.000000
Util 0.000000 14670.000000
Util 0.000000 14680.000000
Util 0.000000 14690.000000
Util 0.000000 14700.000000
Util 0.000000 14710.000000
Util 0.000000 14720.000000
Util 0.000000 14730.000000
Util 0.000000 14740.000000
Util 0.000000 14750.000000
Util 0.000000 14760.000000
Util 0.000000 14770.000000
Util 0.000000 14780.000000
Util 0.000000 14790.000000
Util 0.000000 14800.000000
Util 0.000000 14810.000000
Util 0.000000 14820.000000
Util 0.000000 14830.000000
Util 0.000000 14840.000000
Util 0.000000 14850.000000
Util 0.000000 14860.000000
Util 0.000000 14870.000000
Util 0.000000 14880.000000
Util 0.000000 14890.000000
Util 0.000000 14900.000000
Util 0.000000 14910.000000
Util 0.000000 14920.000000
Util 0.000000 14930.000000
Util 0.000000 14940.000000
Util 0.000000 14950.000000
Util 0.000000 14960.000000
Util 0.000000 14970.000000
Util 0.000000 14980.000000
Util 0.000000 14990.000000
Util 0.000000 15000.000000
