Loading topology...
Loaded topology.
Loading app...
Loading topology...
Loaded topology.
Loading app...
Loading topology...
Loaded topology.
Loading app...
Loading topology...
Loaded topology.
Loading app...
Loading topology...
Loaded topology.
Loading app...
Loading topology...
Loaded topology.
Loading app...
Loading topology...
Loaded topology.
Loading app...
Loading topology...
Loaded topology.
Loading app...
Loading topology...
Loaded topology.
Loading app...
Loading topology...
Loaded topology.
Loading app...
Loading topology...
Loaded topology.
Loading app...
Loading topology...
Loaded topology.
Loading app...
Loading topology...
Loaded topology.
Loading app...
Loading topology...
Loaded topology.
Loading app...
Loading topology...
Loaded topology.
Loading app...
FCT 2 3 396492800 1555.61 11268.353462
FCT 2 1 396492800 1714.034522 11268.353462
FCT 3 3 396492800 2185.473443 11268.353462
FCT 3 3 396492800 2185.523600 11268.353462
FCT 3 1 396492800 2324.884834 11268.353462
FCT 0 3 396492800 4454.277702 11268.353462
FCT 0 1 396492800 4627.361616 11268.353462
FCT 0 1 396492800 4627.399427 11268.353462
FCT 0 1 396492800 4627.468355 11268.353462
FCT 0 1 396492800 4627.503510 11268.353462
FCT 4 1 396492800 4636.094658 11268.353462
FCT 4 1 396492800 4636.692398 11268.353462
FCT 6 3 396492800 5331.398278 11268.353462
FCT 6 3 396492800 5331.406986 11268.353462
FCT 6 3 396492800 5331.505347 11268.353462
FCT 6 3 396492800 5331.610057 11268.353462
FCT 1 3 396492800 5522.861608 11268.353462
FCT 1 3 396492800 5522.933422 11268.353462
FCT 1 3 396492800 5522.974565 11268.353462
FCT 1 3 396492800 5523.026690 11268.353462
FCT 1 1 396492800 5584.208750 11268.353462
FCT 1 1 396492800 5584.264862 11268.353462
FCT 1 1 396492800 5584.296888 11268.353462
FCT 7 1 396492800 5964.800975 11268.353462
FCT 7 1 396492800 5964.929727 11268.353462
FCT 5 3 396492800 6191.019405 11268.353462
FCT 5 1 396492800 6222.901505 11268.353462
FCT 5 1 396492800 6223.016154 11268.353462
FCT 3 1 95551488 890.571520 43323.310245
FCT 3 3 95551488 890.626774 43323.310245
FCT 3 1 95551488 890.655581 43323.310245
FCT 3 1 95551488 890.743888 43323.310245
FCT 3 6 95551488 919.304456 43323.310245
FCT 3 6 95551488 919.342752 43323.310245
FCT 3 6 95551488 919.391013 43323.310245
FCT 3 4 95551488 919.394715 43323.310245
FCT 3 4 95551488 919.406522 43323.310245
FCT 3 6 95551488 919.423476 43323.310245
FCT 3 7 95551488 919.441476 43323.310245
FCT 1 0 95551488 1151.341549 43355.306994
FCT 1 2 95551488 1151.361949 43355.306994
FCT 1 3 95551488 1151.367949 43355.306994
FCT 1 0 95551488 1151.442019 43355.306994
FCT 1 0 95551488 1151.486573 43355.306994
FCT 1 0 95551488 1151.516573 43355.306994
FCT 1 1 95551488 1151.578973 43355.306994
FCT 1 5 95551488 1165.990026 43355.306994
FCT 1 7 95551488 1166.017626 43355.306994
FCT 1 4 95551488 1166.078178 43355.306994
FCT 1 4 95551488 1166.080675 43355.306994
FCT 1 7 95551488 1166.096275 43355.306994
FCT 1 7 95551488 1166.098675 43355.306994
FCT 1 7 95551488 1166.102275 43355.306994
FCT 7 0 286654464 296.829946 50018.100184
FCT 6 7 286654464 604.425965 50018.100184
FCT 5 7 286654464 673.382464 50050.096932
FCT 0 4 286654464 732.869851 50018.100184
FCT 0 7 286654464 789.484749 50018.100184
FCT 0 0 66453504 82.744234 51068.614207
FCT 0 1 66453504 83.088620 51100.610956
FCT 0 3 66453504 174.684045 51312.050152
FCT 4 4 286654464 693.358643 50919.696900
FCT 0 2 286654464 574.350947 51183.740953
FCT 0 2 286654464 574.386157 51183.785506
FCT 3 3 286654464 768.536230 51183.666882
FCT 3 7 286654464 1193.779522 50890.928959
FCT 4 5 286654464 901.123926 51198.377111
FCT 2 4 66453504 148.750868 51970.222731
FCT 4 7 286654464 996.166830 51198.379609
FCT 2 0 66453504 69.781949 52180.780905
FCT 6 5 286654464 1364.755878 50919.606641
FCT 6 4 286654464 1380.941325 50919.693197
FCT 6 4 286654464 1380.916266 50919.725661
FCT 7 7 66453504 686.554638 51619.646171
FCT 7 7 286654464 1394.246800 50919.743661
FCT 3 0 66453504 66.762574 52248.830583
FCT 0 6 66453504 143.656304 52180.760505
FCT 6 7 286654464 1424.177690 50919.644937
FCT 7 0 66453504 580.251283 51804.704955
FCT 0 7 66453504 174.088653 52248.802983
FCT 1 3 286654464 1544.011862 50890.957765
FCT 1 5 286654464 1637.852466 50890.873705
FCT 1 4 286654464 1667.898617 50891.046073
FCT 1 7 66453504 331.249320 52234.329530
FCT 1 7 286654464 1471.879270 51183.877906
FCT 7 3 286654464 1599.814385 51198.395209
FCT 7 7 286654464 1601.058902 51198.397609
FCT 7 2 286654464 1602.234264 51198.401209
FCT 2 5 66453504 111.221403 52755.211922
FCT 2 7 66453504 111.649591 52755.291686
FCT 3 2 66453504 55.533702 52949.323135
FCT 5 1 66453504 55.539905 53096.621059
FCT 7 3 66453504 55.539354 53191.666461
FCT 7 1 66453504 81.234505 53311.110483
FCT 5 5 66453504 115.551651 53281.482542
FCT 4 5 66453504 105.546202 53297.754545
FCT 7 3 66453504 81.240690 53340.942650
FCT 3 5 66453504 55.540456 53432.089650
FCT 5 3 66453504 78.105575 53525.846194
FCT 4 2 66453504 77.988608 53556.064712
FCT 7 2 66453504 55.539905 53652.877198
FCT 3 6 66453504 55.540456 53795.329616
FCT 2 1 66453504 55.533702 53797.755495
FCT 0 3 132907008 196.837011 57764.862374
FCT 1 3 132907008 197.120276 57797.203509
FCT 3 5 132907008 111.072856 58100.238130
FCT 0 3 132907008 114.709723 58346.481352
FCT 3 6 132907008 116.533490 58373.971990
FCT 4 0 132907008 111.072856 58732.477532
FCT 7 0 132907008 117.683052 58919.704742
FCT 6 7 132907008 115.221955 58937.920741
FCT 0 5 132907008 164.764331 58929.097091
FCT 0 2 132907008 157.280897 58998.460171
FCT 7 5 132907008 114.678709 59179.082783
FCT 6 7 132907008 113.476496 59236.057498
FCT 5 6 132907008 111.066102 59479.937259
FCT 2 0 132907008 111.066102 59618.360771
FCT 3 4 132907008 159.672140 59860.709747
FCT 5 4 132907008 134.163710 60010.538126
FCT 1 7 132907008 225.968956 59923.643882
FCT 1 7 132907008 189.743998 60005.848921
FCT 5 1 132907008 136.503438 60101.134039
FCT 2 2 132907008 153.133216 60247.557253
FCT 2 7 132907008 163.746950 60321.921036
FCT 6 7 132907008 122.070630 60464.374005
FCT 3 7 88604672 115.455905 65671.355147
FCT 3 7 88604672 115.470856 65703.979547
FCT 3 2 88604672 77.067111 66170.846837
FCT 6 3 88604672 76.044065 66200.161242
FCT 0 2 88604672 74.044902 66553.206150
FCT 0 3 88604672 74.044902 66747.043556
FCT 7 7 88604672 77.203994 66762.798458
FCT 4 6 88604672 74.044902 66770.807331
FCT 5 1 88604672 74.051656 66803.517184
FCT 0 1 88604672 74.044902 67214.856971
FCT 6 1 88604672 74.050554 67300.659123
FCT 4 3 88604672 121.442027 67730.037649
FCT 7 1 88604672 145.743956 67751.216441
FCT 7 4 88604672 146.878959 67859.268600
FCT 1 3 88604672 75.092506 67947.293239
FCT 4 4 88604672 170.279021 67854.357598
FCT 4 1 88604672 121.194858 67951.867463
FCT 2 6 88604672 74.051105 68110.346231
FCT 5 4 88604672 74.044902 68156.870227
FCT 7 1 88604672 74.050554 68195.323748
FCT 7 3 88604672 74.051656 68296.100396
FCT 7 2 88604672 74.051656 71385.658289
FCT 2 3 18874368 25.151408 71835.434952
FCT 3 3 88604672 87.514791 71842.413192
FCT 5 4 18874368 15.774102 71986.094650
FCT 0 1 18874368 16.131888 72296.537849
FCT 2 5 88604672 141.297405 72181.190434
FCT 2 0 88604672 135.819999 72193.458938
FCT 3 4 88604672 74.601780 72387.296344
FCT 7 6 88604672 75.446001 72406.210338
FCT 6 3 88604672 76.149627 72448.108717
FCT 3 3 88604672 77.203994 72586.129140
FCT 5 5 88604672 77.203994 72641.901643
FCT 6 2 18874368 15.788438 72876.972133
FCT 1 5 88604672 74.056327 72855.109759
FCT 4 6 18874368 15.774102 72927.810138
FCT 2 2 18874368 18.693670 72926.192740
FCT 3 5 18874368 15.780305 72990.170358
FCT 1 2 88604672 76.098551 72940.917562
FCT 3 2 88604672 74.044902 73024.834085
FCT 3 1 18874368 15.774102 73129.245148
FCT 5 1 18874368 15.780856 73395.078101
FCT 3 1 88604672 75.290718 73417.687562
FCT 6 2 18874368 15.787062 73504.210536
FCT 1 5 88604672 79.768806 73463.168282
FCT 2 4 18874368 87.915953 73548.700559
FCT 3 6 88604672 94.822790 73588.593630
FCT 1 2 88604672 120.547789 73639.270207
FCT 2 1 75497472 286.956730 73519.997598
FCT 2 2 75497472 291.661114 73519.997598
FCT 2 7 75497472 300.562222 73519.997598
FCT 1 4 18874368 35.309595 73835.226935
FCT 6 1 88604672 126.627442 73750.605221
FCT 2 7 88604672 131.402367 73783.916778
FCT 4 7 88604672 391.028378 73572.355445
FCT 3 0 88604672 112.996902 73936.359938
FCT 4 7 88604672 466.592090 73590.844504
FCT 4 4 75497472 462.290853 73636.616512
FCT 1 5 75497472 142.070596 73958.890293
FCT 1 6 75497472 142.304198 73958.890293
FCT 4 1 75497472 474.235379 73636.616512
FCT 4 1 75497472 474.274979 73636.616512
FCT 4 2 75497472 476.789031 73636.616512
FCT 4 0 88604672 357.763714 73797.123015
FCT 6 4 18874368 16.285318 74149.328434
FCT 3 1 75497472 212.259168 74012.365102
FCT 3 0 75497472 214.412772 74012.365102
FCT 3 6 75497472 226.698838 74012.365102
FCT 2 6 18874368 22.487054 74225.730009
FCT 1 5 18874368 20.003374 74343.144678
FCT 7 6 18874368 15.774102 74381.231159
FCT 4 4 75497472 253.634691 74165.613753
FCT 4 5 75497472 254.525142 74165.613753
FCT 4 1 75497472 258.714194 74165.613753
FCT 4 3 75497472 258.728594 74165.613753
FCT 7 5 18874368 15.774102 74429.295837
FCT 0 6 18874368 16.157175 74515.268855
FCT 0 6 18874368 16.523716 74620.798743
FCT 5 1 75497472 235.999362 74445.069939
FCT 5 0 75497472 236.091875 74445.069939
FCT 5 2 75497472 236.228057 74445.069939
FCT 6 5 75497472 409.976086 74526.864608
FCT 6 4 75497472 410.051686 74526.864608
FCT 6 2 75497472 429.384440 74526.864608
FCT 6 2 75497472 429.392840 74526.864608
FCT 6 1 75497472 376.088886 74637.322459
FCT 6 3 75497472 376.096086 74637.322459
FCT 6 3 75497472 376.108086 74637.322459
FCT 5 4 4194304 14.020941 77407.331541
FCT 5 6 4194304 14.049206 77407.331541
FCT 5 5 4194304 14.057606 77407.331541
FCT 5 0 4194304 14.178411 77407.331541
FCT 1 0 4194304 10.622886 77680.226270
FCT 1 6 4194304 11.720082 77680.226270
FCT 1 5 4194304 11.752605 77680.226270
FCT 2 0 4194304 10.920102 77684.930654
FCT 2 5 4194304 11.738205 77684.930654
FCT 2 6 4194304 11.741754 77684.930654
FCT 7 4 4194304 6.985302 77693.831762
FCT 7 6 4194304 7.011702 77693.831762
FCT 1 3 4194304 13.590102 77832.162236
FCT 1 7 4194304 14.023505 77832.162236
FCT 1 6 4194304 14.027105 77832.162236
FCT 1 5 4194304 14.028305 77832.162236
FCT 2 3 4194304 13.592502 77846.224236
FCT 2 7 4194304 14.017154 77846.224236
FCT 2 6 4194304 14.023705 77846.224236
FCT 2 5 4194304 14.026605 77846.224236
FCT 4 6 4194304 14.038406 77899.699045
FCT 4 4 4194304 14.048006 77899.699045
FCT 4 5 4194304 14.051658 77899.699045
FCT 4 2 4194304 14.177860 77899.699045
FCT 5 6 4194304 10.698559 77974.232831
FCT 5 5 4194304 10.719471 77974.232831
FCT 6 6 4194304 10.800761 77974.466434
FCT 6 5 4194304 10.862294 77974.466434
FCT 5 3 4194304 11.556607 77974.232831
FCT 6 3 4194304 11.522256 77974.466434
FCT 4 7 4194304 14.219680 77972.179307
FCT 4 7 4194304 14.239302 77972.179307
FCT 4 0 4194304 15.321839 77972.179307
FCT 4 0 4194304 15.342431 77972.179307
FCT 2 0 4194304 7.385734 77986.677485
FCT 2 7 4194304 7.393505 77986.677485
FCT 1 0 4194304 21.351702 77984.123834
FCT 1 0 4194304 21.380502 77984.123834
FCT 1 0 4194304 21.428502 77984.163434
FCT 1 7 4194304 21.644705 77984.123834
FCT 1 7 4194304 21.645905 77984.123834
FCT 1 7 4194304 21.607505 77984.163434
FCT 1 2 4194304 10.784106 78097.896213
FCT 1 4 4194304 12.171061 78097.896213
FCT 1 5 4194304 12.216041 78097.896213
FCT 0 2 4194304 11.235702 78100.049816
FCT 0 4 4194304 12.226754 78100.049816
FCT 0 5 4194304 12.232754 78100.049816
FCT 6 6 4194304 7.160006 78112.335882
FCT 6 5 4194304 7.161206 78112.335882
FCT 5 0 4194304 7.137218 78293.410837
FCT 4 4 4194304 13.838630 78292.520386
FCT 4 2 4194304 14.603856 78292.520386
FCT 4 0 4194304 15.488854 78292.520386
FCT 3 2 4194304 16.779702 78297.614289
FCT 1 2 4194304 17.218902 78297.599889
FCT 3 4 4194304 17.366205 78297.614289
FCT 3 0 4194304 17.407859 78297.614289
FCT 3 0 4194304 17.426115 78297.614289
FCT 1 4 4194304 17.785154 78297.599889
FCT 1 0 4194304 17.787702 78297.599889
FCT 1 0 4194304 17.799702 78297.599889
FCT 7 4 4194304 3.506502 78332.403882
FCT 7 5 4194304 3.506502 78524.656402
FCT 2 0 4194304 17.444967 78554.569938
FCT 2 1 4194304 17.483915 78554.569938
FCT 1 0 4194304 18.256398 78554.341244
FCT 0 0 4194304 18.183290 78554.433757
FCT 1 1 4194304 18.331443 78554.341244
FCT 0 1 4194304 18.294591 78554.433757
FCT 0 4 4194304 21.472734 78554.433757
FCT 0 4 4194304 21.514586 78554.433757
FCT 2 4 4194304 21.465942 78554.569938
FCT 2 4 4194304 21.511759 78554.569938
FCT 1 4 4194304 22.054114 78554.341244
FCT 1 4 4194304 22.062514 78554.341244
FCT 5 6 4194304 6.858854 78810.112637
FCT 5 4 4194304 7.091094 78810.112637
FCT 4 6 4194304 7.242307 78810.188237
FCT 4 4 4194304 7.401210 78810.188237
FCT 2 0 4194304 20.763702 78829.520990
FCT 2 3 4194304 20.850102 78829.520990
FCT 2 0 4194304 20.854902 78829.529390
FCT 2 3 4194304 20.868102 78829.529390
FCT 2 4 4194304 21.033554 78829.520990
FCT 2 6 4194304 21.028554 78829.529390
FCT 1 2 4194304 14.114211 78886.683288
FCT 1 1 4194304 14.119062 78886.683288
FCT 1 5 4194304 14.503302 78886.683288
FCT 1 5 4194304 14.523622 78886.683288
FCT 3 1 4194304 24.423702 78886.690488
FCT 3 2 4194304 24.426102 78886.690488
FCT 3 1 4194304 24.452502 78886.702488
FCT 3 2 4194304 24.456102 78886.702488
FCT 3 5 4194304 24.641656 78886.690488
FCT 3 5 4194304 24.678305 78886.702488
FCT 3 5 4194304 24.679505 78886.702488
FCT 0 3 8388608 21.752787 79886.594680
FCT 0 0 8388608 21.974649 79886.594680
FCT 0 7 8388608 22.901200 79886.594680
FCT 5 7 8388608 28.587702 79887.412782
FCT 5 3 8388608 32.592910 79887.412782
FCT 5 0 8388608 32.780308 79887.412782
FCT 4 7 8388608 35.494902 79891.560988
FCT 4 1 8388608 39.042466 79891.560988
FCT 4 0 8388608 39.129333 79891.560988
FCT 6 7 8388608 43.857702 79891.587388
FCT 6 1 8388608 45.953656 79891.587388
FCT 6 3 8388608 45.957256 79891.587388
FCT 6 0 8388608 45.991505 79891.587388
FCT 7 6 8388608 26.749923 80165.757754
FCT 7 2 8388608 30.394288 80165.757754
FCT 7 1 8388608 30.523512 80165.757754
FCT 3 2 8388608 20.639563 80176.732613
FCT 3 1 8388608 20.942600 80176.732613
FCT 3 6 8388608 22.615777 80176.732613
FCT 5 6 8388608 35.355529 80176.072651
FCT 5 1 8388608 40.522569 80176.072651
FCT 5 2 8388608 40.637201 80176.072651
FCT 6 6 8388608 46.675574 80176.011118
FCT 6 1 8388608 49.752698 80176.011118
FCT 6 1 8388608 49.807598 80176.011118
FCT 6 2 8388608 49.844174 80176.011118
FCT 0 3 8388608 42.165702 80196.219459
FCT 0 2 8388608 42.290502 80196.219459
FCT 0 3 8388608 42.186102 80196.335859
FCT 0 2 8388608 42.273702 80196.335859
FCT 0 4 8388608 42.822105 80196.219459
FCT 0 6 8388608 42.915770 80196.219459
FCT 7 4 8388608 55.962102 80196.513662
FCT 7 4 8388608 56.017302 80196.514862
FCT 7 6 8388608 56.102502 80196.513662
FCT 7 6 8388608 56.152902 80196.514862
FCT 7 3 8388608 57.094456 80196.513662
FCT 7 2 8388608 57.102856 80196.513662
FCT 7 2 8388608 57.114954 80196.514862
FCT 2 3 8388608 21.813702 80303.860805
FCT 2 0 8388608 22.127393 80303.860805
FCT 2 6 8388608 24.541587 80303.860805
FCT 4 6 8388608 25.868302 80303.860805
FCT 4 3 8388608 27.309610 80303.860805
FCT 4 0 8388608 27.491524 80303.860805
FCT 6 5 8388608 26.042234 80310.239812
FCT 6 6 8388608 26.922854 80310.239812
FCT 6 0 8388608 27.675500 80310.239812
FCT 5 5 8388608 32.772672 80310.241012
FCT 5 6 8388608 33.588723 80310.241012
FCT 5 3 8388608 34.171477 80310.241012
FCT 5 0 8388608 34.229726 80310.241012
FCT 4 5 8388608 27.228324 80506.128965
FCT 4 6 8388608 27.265302 80506.128965
FCT 2 1 8388608 28.040673 80505.562714
FCT 2 2 8388608 28.150420 80505.562714
FCT 4 1 8388608 28.068742 80506.128965
FCT 4 2 8388608 28.149745 80506.128965
FCT 2 5 8388608 29.430590 80505.562714
FCT 2 6 8388608 29.458497 80505.562714
FCT 0 2 8388608 55.630902 80506.131514
FCT 0 1 8388608 55.671702 80506.131514
FCT 0 1 8388608 55.725702 80506.143514
FCT 0 2 8388608 55.762902 80506.143514
FCT 0 5 8388608 56.497005 80506.131514
FCT 0 6 8388608 56.519656 80506.131514
FCT 0 5 8388608 56.516056 80506.143514
FCT 0 6 8388608 56.518456 80506.143514
FCT 1 7 8388608 39.270566 80763.472271
FCT 1 0 8388608 41.368254 80763.472271
FCT 1 0 8388608 41.398135 80763.472271
FCT 0 7 8388608 43.845155 80763.360969
FCT 0 0 8388608 45.077197 80763.360969
FCT 0 0 8388608 45.109706 80763.360969
FCT 4 7 8388608 52.492902 80767.139281
FCT 4 7 8388608 52.521702 80767.147681
FCT 4 0 8388608 54.321354 80767.139281
FCT 4 0 8388608 54.329754 80767.139281
FCT 4 0 8388608 54.333354 80767.147681
FCT 4 7 8388608 22.044102 81041.298467
FCT 6 5 8388608 22.054902 81041.301867
FCT 4 1 8388608 28.051519 81041.298467
FCT 0 1 8388608 28.252902 81041.128216
FCT 6 1 8388608 28.170367 81041.301867
FCT 0 3 8388608 29.197808 81041.128216
FCT 4 3 8388608 29.181908 81041.298467
FCT 6 3 8388608 29.191532 81041.301867
FCT 0 7 8388608 29.479706 81041.128216
FCT 0 5 8388608 29.496261 81041.128216
FCT 3 1 8388608 30.419315 81041.141416
FCT 3 3 8388608 31.002410 81041.141416
FCT 3 7 8388608 31.245614 81041.141416
FCT 3 5 8388608 31.251614 81041.141416
FCT 2 0 8388608 27.693702 81101.902513
FCT 2 3 8388608 27.728107 81101.902513
FCT 2 1 8388608 27.852080 81101.902513
FCT 2 6 8388608 28.332856 81101.902513
FCT 1 0 8388608 28.678778 81101.898913
FCT 1 3 8388608 28.694992 81101.898913
FCT 1 1 8388608 28.824707 81101.898913
FCT 1 6 8388608 29.226207 81101.898913
FCT 5 6 8388608 41.010102 81102.125916
FCT 5 3 8388608 42.190605 81102.124716
FCT 5 0 8388608 42.211005 81102.125916
FCT 5 3 8388608 42.223005 81102.125916
FCT 5 1 8388608 42.260056 81102.124716
FCT 5 1 8388608 42.261256 81102.125916
